1112
1 1
2 1
2 2
4 1
5 2
7 1
5 4
5 5
10 1
11 1
10 4
10 5
15 1
15 2
9 9
10 9
10 10
20 1
20 2
22 1
20 5
25 1
20 7
27 4
31 2
31 3
34 1
34 3
37 1
20 19
20 20
40 1
41 1
39 4
43 1
43 2
39 7
46 2
46 5
51 1
39 15
40 15
55 5
60 2
54 9
63 1
64 2
64 3
67 2
69 1
70 3
63 14
77 1
40 40
80 1
80 2
82 1
80 4
80 5
85 1
80 11
91 1
92 2
94 1
80 17
97 5
80 27
107 5
97 18
107 15
107 16
123 2
80 46
126 1
126 4
126 5
131 1
132 2
132 26
80 80
160 16
160 20
180 9
189 3
192 4
160 39
199 3
202 34
199 55
254 1
255 7
262 1
262 7
263 38
262 54
316 22
316 126
442 18
460 131
460 199
659 107
766 51
817 17
834 14
848 63
911 11
922 25
947 31
947 107
834 262
848 316
1164 54
1218 46
1264 19
1283 132
1415 20
1435 338
1773 21
1794 14
1808 48
947 947
1794 126
1920 39
1959 180
1959 255
2214 20
2234 4
2238 46
2284 11
1894 460
2354 20
2284 160
2444 134
2578 11
2589 25
2589 31
2620 189
2444 442
2886 26
2912 16
2928 27
2955 77
2214 922
3136 43
3179 10
3189 192
3381 27
2614 922
2809 817
3626 60
3686 97
3536 316
3852 85
3937 123
4060 45
3136 1096
4232 263
4495 202
4697 25
4697 48
4745 48
4060 766
4826 34
4860 23
4883 26
4745 199
4909 43
4952 3
4952 45
4997 19
2589 2578
5167 33
5167 189
5356 60
4495 1096
4826 817
5643 48
5691 23
5691 134
4997 834
4745 1164
5714 263
5977 125
4745 1415
6160 19
6179 158
6337 236
6573 64
6637 16
6653 51
6704 21
6653 80
6725 160
5977 978
6955 2
6957 9
6179 922
7101 62
4232 2955
7187 54
7241 54
7295 27
7322 11
7333 2
7322 55
7322 107
7429 202
3852 3852
4997 2809
7806 67
7873 69
5200 2886
8086 3
8089 21
8110 10
8120 11
8120 67
7377 947
8324 91
8415 122
8537 196
5977 2809
8786 11
8797 43
5977 2928
8733 180
8913 3
8916 25
8905 97
8913 131
9044 60
9104 16
9120 11
9104 69
9120 126
9246 192
4860 4722
9582 34
8916 766
9682 25
9707 115
9246 911
10157 63
10220 33
10253 7
10220 69
10289 9
10289 15
10304 10
10304 34
10338 2
10340 27
10367 2
10369 1
10370 39
10220 263
8797 1773
10338 262
10570 91
10661 25
10686 7
10661 134
10795 1
10796 2
10798 33
10798 131
10686 255
10941 22
10963 2
10965 15
10929 126
10260 848
10965 255
11220 31
11220 80
11251 236
11487 17
9173 2620
11793 11
11793 63
8537 3536
10340 1894
6179 6102
8086 4232
12318 9
12327 15
12327 107
12318 122
12440 9
11504 1054
12449 180
12629 2
12631 39
12631 123
12754 64
7241 5714
12955 14
12818 338
9044 4232
13276 21
6733 6653
13386 11
13397 97
9044 4793
13837 39
13837 158
11220 2912
10929 3408
14337 41
14378 62
14378 97
14440 123
14563 26
12327 2354
12955 1773
14728 1
14681 60
14728 48
10929 4060
14741 254
13995 1096
12318 2886
15204 130
15334 9
15343 67
8120 7322
14776 848
15624 16
15624 63
12629 3179
15808 5
13276 2589
15865 34
15899 2
15899 51
15950 17
15950 254
9044 7377
10367 6653
17020 46
15343 1920
16204 1218
15687 1856
17543 64
12449 5200
12670 5016
17686 64
17686 158
17844 21
17865 2
17867 22
17889 55
13156 5016
18172 48
18220 46
18266 126
18266 158
18424 23
14989 3536
18525 192
18717 33
18750 11
18761 123
18717 199
18884 60
18944 123
19067 34
19101 62
19163 19
19182 4
19186 46
17607 1773
19182 263
19067 460
19527 33
12818 6885
19560 199
19703 130
17020 2912
19932 60
17844 2238
20082 134
20216 23
11856 8537
20239 263
18220 2374
20594 4
19992 659
20651 134
18447 2444
18424 2809
21233 26
20785 922
19182 2614
15901 5977
18916 3032
21948 92
22040 2
22042 21
22063 3
15442 6885
22327 51
22378 37
22415 12
22415 18
22427 107
15687 6885
22572 51
22623 3
22626 25
22626 33
22651 16
22667 62
22729 11
22623 130
22740 48
22667 189
18916 4105
23021 27
23048 45
23093 46
23139 39
23178 11
23189 25
23214 23
23237 17
23254 31
23285 134
23419 33
23452 23
23475 27
23502 54
19163 4495
23556 160
14776 9044
18944 4944
23888 64
23888 122
23285 834
24119 51
24170 20
23452 834
22572 1808
24380 7
24380 31
24387 48
24435 25
24460 25
24485 17
24485 55
24540 26
24502 125
24566 69
24635 60
24695 18
24713 19
24732 60
24792 338
25130 1
25130 51
25181 26
25207 34
25241 84
25325 5
25325 91
25416 18
22572 2886
25458 10
25468 1
25458 46
25469 85
25554 20
25574 27
25601 5
19182 6573
25574 262
25836 25
25861 55
24010 2238
26248 46
26294 62
26356 69
25458 1164
26622 23
24435 2234
26669 17
26669 67
26736 18
26754 5
25861 1096
26957 40
26997 91
27088 22
24540 2620
27160 15
27175 26
25330 1920
26425 911
24485 2955
27440 1
27441 67
26294 1264
27175 442
27336 316
24732 3189
27921 31
27952 126
28078 69
28147 2
28149 15
28147 91
28238 46
28238 84
28322 18
23139 5416
28555 4
28559 27
28586 4
28590 85
28675 39
28714 5
28719 3
28719 62
28781 18
28799 7
28806 10
28816 134
28950 60
29010 10
29020 27
23556 5591
27440 1794
29234 10
29244 4
25468 4060
24460 5167
29528 134
29248 591
19186 10661
29662 263
29839 199
30038 77
30115 18
30133 115
30248 15
30263 196
30459 7
30466 9
30466 97
28675 1920
30595 19
30614 77
30691 60
29839 947
30786 80
20239 10686
30691 338
31029 4
31033 1
29925 1283
31208 5
31213 125
31338 4
31342 4
29020 2354
31342 60
31402 12
31402 80
29234 2354
31402 199
22856 8797
31653 27
31653 33
31680 199
31029 922
31951 7
31951 202
32153 41
22066 10157
28284 4060
32344 1
29244 3189
32433 180
17686 14995
32681 23
30563 23419
32704 32704
65408 53982
65408 65408
130816 119390
130816 130816
261632 21259
261632 261632
523264 250206
523264 282891
523264 523264
1046528 773470
1046528 806155
1046528 1046528
2093056 2093056
4186112 1819998
4186112 1852683
4186112 4186112
8372224 6006110
8372224 6038795
8372224 8372224
16744448 14378334
16744448 14411019
16744448 16744448
33488896 33488896
66977792 31122782
66977792 31155467
66977792 66977792
133955584 98100574
133955584 98133259
133955584 133955584
267911168 232056158
267911168 232088843
500000011 42
500000053 16
500000069 23
500000092 127
500000219 82
500000301 35
500000336 22
500000358 51
500000409 35
500000444 51
500000495 55
500000550 43
500000550 255
500000805 86
500000891 39
500000930 22
500000952 94
500000930 160
500001090 8
500001098 40
500001138 46
500001184 23
500001207 27
500001234 19
500001184 97
500001281 11
500001292 15
500001307 11
500001318 69
500001387 66
500001281 255
500001453 189
500001642 39
500001681 86
500001767 4
500001771 5
500001776 33
500001809 33
500001809 132
500001941 1
500001942 5
500001947 52
500001947 180
500002127 66
500002193 48
500002193 316
500000891 1808
500002699 43
500002742 122
500001947 947
500002894 17
500002911 3
500002914 27
500002941 17
500002958 16
500002974 11
500002985 54
500001942 1283
500003225 44
500003269 31
500003300 7
500003307 31
500000336 3032
500003338 43
500003368 126
500003368 199
500003567 55
500003622 112
500003734 27
500001292 2578
500003870 48
500003918 66
500003338 766
500004104 5
500004109 78
500004187 19
500004206 20
500004226 81
500003300 1054
500003307 1096
500004403 70
500004473 40
500004513 12
500004525 1
500004526 39
500004526 67
500004565 126
500004691 44
500004735 11
500004735 39
500004774 69
500004691 262
500004953 27
500001090 3937
500004565 591
500005027 338
500005365 14
500005379 27
500005406 52
500005458 17
500005475 3
500005475 33
500005475 39
500005514 81
500005595 123
500005718 25
500005718 97
500005815 3
500005818 1
500005819 19
500005819 107
500001292 4793
500006085 83
500006168 38
500005926 338
500006264 4
500006264 158
500005458 1054
500006512 95
500006607 269
500006206 848
500007054 60
500007114 130
500007244 33
500007277 97
500000495 6885
500001318 6160
500005475 2214
500007689 15
500007704 3
500001387 6573
500004206 3783
500007989 126
500008115 5
500007374 834
500008208 2
500008210 73
500008283 54
500008283 112
500004980 3536
500008516 301
500008817 67
500008884 5
500008884 199
500009083 8
500009083 107
500009091 131
500007960 1435
500009395 34
500009429 52
500009429 81
500002509 7101
500009610 37
500009647 3
500009650 23
500009673 25
500009698 21
500009650 263
500009913 67
500009980 39
500009980 196
500010176 23
500004206 6179
500010176 262
500010438 48
500010486 37
500010523 10
500010438 263
500010701 35
500004513 6337
500010850 19
500010701 196
500010897 33
500010930 4
500010934 102
500011036 33
500011069 66
500011036 262
500010934 591
500011525 8
500009083 2589
500009481 2444
500011925 112
500012037 14
500012051 11
500012051 85
500001999 10253
500012252 11
500012252 40
500012292 18
500012310 1
500012311 41
500012311 69
500012380 78
500012458 26
500012484 83
500012567 107
500012567 236
500010486 2374
500012136 848
500007707 5356
500013063 2
500013063 67
500013130 18
500013130 77
500013207 33
500013148 202
500013350 4
500013148 316
500013464 46
500013510 11
500013521 55
500013576 23
500013521 102
500013623 43
500012984 848
500013832 40
500013832 64
500009190 4909
500014099 17
500014116 54
500014116 82
500014170 34
500014198 125
500001942 12440
500013576 834
500007374 7187
500014561 52
500013872 922
500014794 9
500014803 9
500014099 848
500002742 12281
500011672 3408
500015080 60
500004746 10483
500008208 7163
500015229 460
500015689 64
500015753 95
500015848 3
500015851 35
500015886 5
500015891 5
500015896 42
500015938 40
500015140 1054
500015978 263
500016241 5
500008210 8089
500016299 19
500014204 2214
500016418 19
500016437 91
500013063 3686
500016749 14
500016763 84
500016847 52
500016899 20
500011298 5831
500017129 81
500017210 48
500017210 107
500017317 176
500017493 122
500017615 33
500012803 5016
500017819 23
500017819 80
500017899 20
500017919 67
500017919 80
500017986 45
500018031 17
500018031 125
500018156 5
500018156 37
500018161 107
500018268 45
500018268 132
500018400 4
500018404 55
500017648 817
500018465 52
500018517 78
500017919 766
500018685 7
500018692 7
500018685 64
500018517 338
500018855 4
500018749 254
500019003 42
500019045 3
500019048 127
500018400 922
500019322 19
500005514 13876
500019390 97
500019487 19
500019506 19
500019525 80
500019605 41
500016847 2886
500019506 338
500019844 4
500019848 63
500017999 1959
500015886 4495
500020381 10
500020381 16
500013354 7241
500016241 4495
500020736 85
500020736 91
500018699 2238
500020391 659
500021050 127
500021177 31
500019175 2234
500021409 38
500021447 14
500021447 86
500020391 1218
500021609 14
500021609 115
500021724 70
500021724 83
500019048 2928
500019848 2295
500021976 196
500022172 22
500022194 14
500022208 37
500022245 91
500022336 2
500022338 48
500022386 10
500022396 34
500022430 84
500021177 1435
500022612 38
500017986 4722
500022708 2
500022710 9
500022719 11
500022730 160
500021807 1096
500015851 7295
500016899 6337
500021807 1435
500023242 1
500023243 112
500000952 22433
500019733 3852
500023585 86
500023671 38
500023709 33
500023742 236
500022172 1856
500024028 115
500021409 2809
500024218 5
500022172 2139
500024311 86
500024397 48
500024397 95
500024445 83
500024492 42
500024534 37
500024571 43
500024614 125
500022514 2238
500024752 4
500024756 8
500024764 14
500024778 16
500024794 60
500024854 4
500024858 4
500024862 12
500024874 1
500024875 38
500024862 338
500025200 125
500025325 125
500025450 9
500025459 14
500025473 2
500025475 42
500025459 134
500025593 17
500025610 18
500025628 67
500025695 8
500025703 15
500025718 17
500025735 20
500025718 73
500025791 11
500025802 14
500025791 160
500013350 12629
500025979 10
500025517 659
500026176 134
500026310 7
500026317 33
500026350 80
500026430 25
500024854 1773
500026455 196
500026627 127
500026651 132
500026754 134
500019506 7429
500026888 112
500025703 1435
500026888 263
500027151 81
500027232 44
500027276 48
500027324 42
500027324 95
500024397 3179
500027576 35
500025200 2620
500027820 19
500027839 85
500017986 10304
500027419 1054
500027151 1415
500026350 2284
500028634 1
500028635 102
500028737 54
500028791 8
500028791 82
500028799 102
500024143 4826
500027924 1164
500029088 48
500029136 82
500029218 199
500028566 947
500022208 7333
500029541 18
500029559 77
500029636 202
500029636 255
500023355 6637
500029992 127
500030119 9
500030119 37
500030156 34
500030190 16
500030206 44
500030250 60
500028634 1794
500030428 46
500030250 254
500030428 82
500030504 80
500024028 6725
500025610 5356
500030206 817
500031023 134
500031157 10
500022890 8324
500030206 1096
500030206 1264
500031470 130
500029088 2620
500031708 5
500031713 33
500031746 11
500031757 11
500031757 41
500031757 70
500031827 60
500031768 176
500031887 115
500027366 4745
500032111 19
500032130 86
500032216 12
500032228 97
500032325 54
500032379 18
500032379 92
500032471 25
500032496 43
500032539 134
500032673 499967326
