2878
1 1
2 1
2 2
4 1
4 2
4 3
4 4
8 1
9 2
8 7
8 8
16 1
17 3
17 4
17 8
25 1
25 3
25 5
16 16
32 1
33 1
32 3
35 2
32 6
38 7
45 1
35 15
35 16
51 1
52 2
52 3
55 2
51 7
58 2
60 3
32 32
64 4
68 3
68 9
64 15
79 1
80 2
82 4
68 21
89 5
94 4
94 6
79 25
104 2
104 6
110 4
110 6
116 3
116 6
122 2
64 64
128 6
134 2
136 6
142 2
128 17
145 3
128 21
149 1
149 3
149 5
154 3
157 3
154 7
154 8
149 15
128 38
166 2
168 4
162 16
149 35
184 1
185 3
188 2
166 33
199 3
199 5
128 79
207 3
207 4
211 1
211 2
213 5
218 1
219 4
223 2
211 15
211 21
232 2
207 35
242 5
247 4
251 1
128 128
256 4
256 6
162 104
266 2
232 37
268 15
283 1
269 16
266 21
256 35
291 1
292 2
291 4
295 7
295 15
310 16
295 37
332 7
291 51
342 2
344 6
344 8
344 11
355 3
344 20
364 2
291 79
370 6
376 2
370 20
390 4
394 8
344 60
390 16
291 128
419 5
419 7
419 9
428 2
430 6
419 21
232 211
443 4
447 9
390 68
458 4
462 2
447 21
370 104
474 2
476 2
478 2
474 11
474 20
494 2
496 9
474 33
256 256
512 3
515 1
516 20
516 26
542 4
542 16
515 51
566 2
419 166
585 1
586 4
585 15
566 38
604 2
485 122
607 5
612 2
614 3
585 33
618 1
618 8
515 116
631 5
618 26
631 15
646 4
631 25
646 20
631 37
668 11
679 1
679 5
684 8
692 4
696 8
668 38
706 2
706 8
684 32
716 2
714 20
706 30
692 58
668 86
754 4
758 6
512 256
768 2
668 122
768 25
679 116
795 3
512 291
803 2
805 3
803 17
820 2
820 16
820 25
845 6
851 1
851 17
820 51
871 1
871 11
871 25
896 6
896 16
872 46
871 50
820 124
944 6
871 89
871 110
981 11
981 21
992 20
981 33
981 35
1016 4
512 512
1024 2
1026 6
820 218
1038 6
1032 16
1038 20
1032 30
1026 45
1071 1
1072 8
1072 20
1092 2
1072 28
1100 2
868 242
1071 45
1071 64
1135 17
1152 4
1100 64
1164 2
1024 166
1190 2
1192 8
1024 184
1190 30
1220 2
1222 2
1222 8
1024 207
1224 20
1231 15
1246 8
1231 25
1231 35
1256 20
1231 58
1289 1
1289 11
1266 46
1312 4
1266 64
1220 122
1342 20
1342 26
1266 110
1289 119
1231 199
1430 8
1376 68
1408 51
1459 5
1459 7
1466 4
1470 4
1430 58
1474 20
1466 30
1496 16
1494 20
1512 80
1330 287
1617 5
1622 32
1444 213
1430 232
1657 15
1672 2
1430 247
1677 7
1677 15
1692 6
1312 404
1692 38
1677 55
1716 28
1732 20
1732 86
1677 145
1677 157
1834 2
1834 8
1662 184
1834 26
1836 46
1677 226
1903 11
1836 80
1846 80
1916 20
1903 37
1926 30
1956 3
1903 60
1963 1
1964 20
1963 55
1964 58
1963 79
1024 1024
2048 16
2048 20
2048 30
1903 247
1662 494
2156 6
1903 291
2048 148
2194 16
2048 211
2162 110
2272 8
2194 89
2283 3
2259 37
2296 6
2259 51
2296 16
2310 64
2312 68
2296 86
2382 2
2296 104
2296 119
2415 3
2312 116
2428 2
2415 25
2415 37
2048 468
2418 110
1963 566
2528 30
2296 268
2296 269
2565 7
2565 9
2574 16
2574 64
2590 58
2196 474
2048 631
2590 150
2740 6
2746 4
2529 225
2754 8
2574 207
2196 618
2679 145
2679 157
2679 161
2565 285
2850 32
2850 46
2048 871
2919 5
2924 26
2924 100
2814 212
3026 4
2194 851
3045 1
3046 32
3045 51
3096 8
3104 4
3108 4
2919 199
3118 4
2919 213
3132 8
3132 32
3164 4
2919 295
2048 1190
3238 5
3243 1
3238 9
3247 7
3247 9
2048 1231
3279 3
3282 8
3247 45
3279 17
3296 34
3330 6
3292 124
3292 134
3292 142
3416 28
2840 612
3279 185
3464 3
3467 15
3464 45
3279 242
3464 86
3464 104
3550 26
3550 50
3600 30
3630 2
3550 128
3464 232
3238 474
3712 28
3279 494
3773 2
3775 33
3247 566
3773 68
3841 5
3846 20
3846 26
3550 332
3841 55
3841 68
3909 7
3909 21
3813 166
3896 124
3521 507
4028 2
4030 2
4020 32
3841 247
2048 2048
4096 7
4103 3
4103 15
4118 2
4103 25
4106 60
4118 58
4106 82
4096 110
4206 8
4214 2
4096 128
4096 162
4106 162
4224 58
4282 32
4314 2
3841 515
4268 128
4396 16
3238 1190
4412 34
4428 20
4412 38
4412 94
4088 447
4506 52
4106 485
4591 17
4506 124
4608 52
4558 134
4591 149
4591 154
4740 32
4745 71
4816 8
4816 26
4816 32
4848 6
4848 32
4103 795
4096 803
4899 1
3841 1071
4912 16
4928 4
4928 104
4899 149
5048 20
4898 204
4899 223
5122 30
5048 116
5164 4
5048 145
5193 5
5193 37
5048 184
4898 344
5232 30
5242 68
5230 104
5122 218
5232 122
5262 114
5376 4
5242 242
5354 136
5354 204
5558 2
5354 234
4268 1376
5560 94
5354 342
5696 20
5696 34
5644 136
5654 232
5696 266
5962 2
5152 822
5654 332
4103 1903
5354 668
6006 64
5962 150
6006 124
6130 28
6158 8
6158 32
6190 8
5232 981
6213 33
6213 89
4899 1430
6213 283
6496 32
6329 219
4396 2196
6548 58
6592 26
6548 80
6213 419
6628 16
6592 68
6644 28
6660 64
6628 110
6660 82
6742 16
6329 443
6772 26
6772 50
6606 262
3773 3132
6742 226
6968 38
6329 820
7149 57
7206 114
4096 3238
4096 3279
7375 21
7396 28
7424 20
7424 28
7396 77
7473 1
7473 7
7452 134
7375 212
7334 256
7480 128
7590 30
7590 136
7375 370
7745 1
7746 60
7806 58
7587 355
7942 16
7746 218
7964 80
8044 20
7964 124
7964 178
4899 3247
8146 6
4096 4096
8146 86
8088 166
8232 94
8232 122
8146 218
8146 344
8490 164
7590 1100
8192 706
5696 3238
8934 30
8964 4
8968 4
8972 32
7746 1376
9122 124
8964 284
9248 188
6632 2836
9122 424
9468 152
9248 406
9122 618
9740 28
6968 2814
8152 1672
8192 1662
9854 28
9882 51
9782 184
9882 142
9854 242
9882 226
9740 390
10130 2
9854 364
10218 8
8192 2259
10451 79
10451 164
10615 3
10618 32
10132 586
10130 618
10615 251
10748 154
10718 204
10748 184
9854 1330
10615 585
10451 808
11259 5
8192 3247
11259 339
8490 3118
11608 110
11439 283
11439 285
11722 50
11608 188
11724 302
11722 310
11259 851
12032 116
12148 168
11439 921
12110 260
12360 82
12442 64
12442 150
11200 1496
12442 268
12710 20
12442 428
12870 94
12360 679
13039 15
13039 207
13039 447
13486 8
13486 344
12964 882
13846 2
13039 871
13910 80
13990 86
14076 4
13830 376
11200 3132
11200 3238
8192 6329
14332 428
12360 2428
7480 7334
14814 86
14788 164
12360 2670
14952 134
15086 4
14521 793
15030 456
15314 232
8192 7375
15567 3
15546 332
12442 3521
15567 515
16082 242
16324 58
8192 8192
16384 204
16384 232
16384 474
16858 82
16858 122
16940 160
16384 868
16858 684
16858 882
17740 128
9854 8044
17898 46
17740 339
12964 5558
17740 1071
18811 17
18828 57
18828 402
18811 447
19258 223
19258 284
16858 3132
11200 8898
19990 124
19990 251
16858 3521
17868 2564
20379 164
16858 3773
14332 6606
16384 4899
21283 225
21283 507
21790 119
16384 5696
18828 3296
17740 4428
17898 4428
22168 344
18811 3775
22512 294
21283 1657
21283 1963
23246 142
23246 768
24014 124
24138 2
24014 496
14814 9740
16382 8192
21283 3464
24747 17
24747 63
24810 20
24830 376
25206 128
25206 162
24554 1102
20114 5588
25702 94
24747 1135
25796 226
21283 4745
26028 46
26074 64
26028 232
24830 1836
26074 668
26028 836
25368 1654
26742 468
25882 1459
26742 684
21283 6213
27496 134
27630 178
27630 204
27834 38
27496 458
21283 7746
27496 1860
27954 1408
27954 1466
25334 4898
29029 1677
30706 64
30706 89
30770 152
30795 199
30994 20
30770 684
30994 496
30795 851
31646 790
16384 16384
32768 612
32768 668
32768 1038
32768 1190
33806 468
24014 10866
25206 9882
32768 2565
35333 17
32768 2679
27210 8964
35447 1289
36736 52
36788 332
37120 34
34880 2310
27834 9740
37574 162
37736 268
36788 1330
36736 1903
24747 14521
39268 568
32768 7149
39917 355
39836 820
39917 845
40762 692
36736 6022
39917 3243
43160 202
43362 440
38004 6006
43160 1116
39917 4591
39917 5048
44965 607
45572 160
44965 795
30770 16384
45760 1732
39917 7745
43160 5242
47662 1100
26074 24138
47662 2564
47662 4258
47662 4898
47662 5354
53016 252
53016 402
53016 736
43802 10132
53752 424
45760 8490
54176 370
27954 27630
47662 8146
55808 390
53016 3452
56468 190
55808 1062
56468 882
56198 1222
57350 262
57420 872
57350 1672
56198 3247
59445 199
47662 12360
60022 1190
58292 3330
37574 24574
60022 2312
53752 8654
62334 80
60022 2670
60022 4106
64128 38
53752 10748
53934 10866
64800 144
64800 668
32768 32768
62692 3164
65856 1514
65536 1956
67492 626
68118 512
64128 5048
69176 28
69204 1496
70700 164
69176 1846
71022 1818
71022 2196
73218 614
71022 4088
72840 2280
75110 3846
78956 172
75110 5242
80352 266
80352 1156
65536 16082
81618 1062
81618 1220
82838 692
75110 9966
85076 350
83530 1940
85426 428
83530 2418
58292 27808
86100 406
86506 266
65536 21283
86772 1692
86819 4103
86819 5193
86772 6246
92012 1408
92012 6022
98034 168
98034 1032
99066 1002
100068 1200
86819 16858
103677 149
103826 100
103677 419
104096 764
104096 1376
105472 212
104096 2296
106392 114
104096 3026
103677 3813
106392 2064
108456 6
105684 3296
105472 8044
113516 604
103677 10451
104096 10108
114128 292
114128 868
114996 64
86819 29029
115848 566
116414 468
116882 478
116882 1048
117930 262
116414 1834
117930 1300
118248 2516
120764 2400
115848 7334
123182 808
123990 680
120764 4912
114204 11722
123990 3282
123990 4535
128525 795
128525 1959
128525 2283
65536 65536
131072 1617
131072 3214
104096 33806
131072 8152
139224 1048
139224 1916
141140 3214
131072 15567
116414 30706
146639 3238
149877 505
140272 12032
149877 2529
152406 1014
152406 1110
149877 3775
149877 3841
149877 4103
153980 30
153980 716
153718 1752
153980 2762
156742 716
153980 3813
156742 1256
153980 4268
158248 1208
158248 2150
160398 68
153980 6772
160752 184
158248 4120
160936 3846
160936 3882
160752 6632
160936 6742
167384 1466
168850 656
154696 15086
169506 604
170110 1048
169506 3696
168850 5122
167384 7726
175110 342
175452 404
175856 754
175452 1926
177378 86
177464 754
175452 4506
179958 1512
153718 27808
181526 476
160752 23246
183998 476
184474 26
183998 2196
186194 160
186194 430
159456 27210
186624 2850
189474 468
153980 36736
190716 406
177378 14814
191122 1362
191122 1672
190716 2196
189942 4088
192912 1254
192192 4224
191122 6738
153980 44965
198945 199
168850 30994
199844 1438
198945 3909
196416 8146
169506 35088
116882 88464
205346 50
198945 6905
205850 6528
212378 3630
216008 352
198945 20631
194166 25796
219576 1110
220686 646
220686 1230
221916 1752
221916 1964
223880 260
220686 6198
224140 5310
221916 8064
229980 542
230522 128
219576 11200
230776 310
231086 82
230776 614
231390 164
230776 2156
232932 512
149877 86819
231390 5560
236950 252
236696 2836
239532 2380
239532 3122
239532 3550
243082 106
236696 6548
243244 1192
243244 2380
236696 10748
243244 6112
244436 6496
250932 1488
243244 16382
259626 1058
244436 16616
259626 5644
134286 131072
243244 22512
265756 4448
270204 436
265358 7006
265756 6618
265756 10618
276374 1514
276374 3712
280086 516
280086 1102
281188 344
265756 17252
283008 394
283402 344
283746 2418
283008 4932
243244 45572
288816 1622
281188 9882
287940 4740
146639 146639
290438 5262
293278 4020
293278 5560
293278 7964
301242 1208
302450 166
301242 2415
302450 3118
301242 4428
303657 2529
306186 3254
287940 22586
306186 5032
311218 464
287940 27630
315570 1936
276374 41454
305670 12442
318112 2272
293278 27954
321232 6302
327534 5334
321232 12870
334102 462
334564 3576
334564 4128
334564 4848
338692 1368
321232 19258
339412 1408
340490 750
340820 4396
340490 4912
345402 918
345402 1674
346320 1044
288816 59022
293278 56198
345402 4448
192912 157458
349476 2048
351524 4630
349476 7864
357340 1116
349476 10132
349476 10218
349476 10615
291070 70864
339412 24138
189942 177378
367320 310
360091 11259
371350 168
371518 1312
372830 558
372830 2896
371350 7474
360091 18885
360091 20543
380634 3096
383730 50
270204 114420
380634 4028
380634 6548
387182 378
387560 2824
387560 4176
391736 912
349476 44508
393984 134
394118 292
387560 6968
394118 2302
394118 3112
283402 114996
394118 4282
398400 586
394118 4898
393984 6006
398986 2836
399990 1914
340820 62692
403512 1654
399990 5490
405480 734
406214 3916
393984 16324
410308 758
410308 1496
293278 123182
399016 23246
416460 6606
423066 6198
423066 7424
416460 15570
239532 192912
334102 100068
432030 4314
436344 3930
432030 8354
380634 60022
440656 326
440656 754
441410 364
440656 2754
440656 3164
443820 1470
445290 1102
432030 14814
416460 30706
447166 1116
443410 6112
446844 7396
454240 770
455010 708
455718 600
454240 4176
458416 12026
447166 26864
474030 2574
476604 284
476888 1474
440656 38118
405480 75110
447166 34274
481440 406
481846 4854
480590 6822
481440 6660
488100 4
293278 198945
492223 3979
496202 3168
492223 7587
499810 960
496202 5048
496202 6742
499810 3296
503106 162
503106 3444
503106 7206
510312 302
492223 21909
514132 3896
518028 696
514132 5262
492223 27341
519564 188
519752 2882
519752 3118
492223 30795
523018 212
518028 8064
492223 35447
527670 2286
486700 43362
530062 1290
527670 5032
532702 3290
530062 6158
527670 9122
536792 2428
539220 3104
542324 302
539220 9966
549186 7620
556806 266
539220 18522
557742 2068
536792 24138
560930 600
560930 4928
557072 9122
536792 31646
568438 1094
568438 6968
568438 7608
576046 2
576048 1224
576048 4106
576046 4118
580164 262
527670 53016
580686 3024
293278 293278
586556 4188
590744 666
586556 5232
591788 1026
591788 4088
592814 3600
596414 358
596772 1956
592814 7480
600294 1836
600294 2310
602604 58
600294 3096
602662 3426
591788 17740
600294 13830
609528 6724
609528 8968
592814 25882
618496 4052
622548 3632
618696 12710
631406 32
631438 366
631438 6112
631406 7590
638996 2078
641074 3336
638996 5484
618696 26074
531352 114204
644770 2558
644770 2924
618696 31490
650186 644
650186 2382
650830 4316
652568 3046
650186 5654
644480 12870
655840 1882
655146 4032
486700 175856
657722 5964
655840 8326
664166 4
618696 45760
664456 26
664482 1152
665634 28
665634 1100
664456 2814
667270 4316
667270 9004
664456 15314
676274 4824
679770 2950
679770 4214
683984 3808
683984 6166
586556 103677
690233 2565
692798 4660
690233 9933
700166 2452
690233 18079
690233 18811
655840 56198
709044 5262
714306 590
709044 7590
716634 1222
717856 12148
730004 2374
732378 3568
586556 149877
736433 617
736433 805
737238 3482
580686 160752
737238 8654
737238 9654
737238 10108
736433 11439
736433 14521
750954 1266
392648 359608
747872 10132
758004 1110
644770 118248
763018 718
750954 13039
763993 287
764280 822
764280 1342
764280 1464
765744 1012
765622 3214
768836 54
763993 7473
768836 4848
771466 3452
774918 5032
768836 13054
763993 18811
774918 12696
763993 24747
788740 80
788740 6592
795332 3292
798624 1684
798624 4842
798624 5242
795332 13054
808386 1494
750954 60022
810976 50
811026 944
811970 2740
811970 3330
811026 4412
815438 646
815438 3416
818854 1316
818854 2018
820170 4854
815438 12032
523018 305670
810976 17740
828716 370
828688 704
829086 4356
829392 6496
829086 14206
828716 14788
843504 798
843504 3244
846748 3140
771466 81508
843504 9782
828716 26028
853286 1744
855030 210
854744 516
855260 4030
854744 5340
854744 5558
860302 234
860302 790
861092 1842
861092 4128
828716 40762
869478 902
860084 16616
876700 896
877596 2528
810976 69176
880124 1102
662556 219576
882132 636
781890 104096
880152 5964
880152 7806
880152 9854
890006 10748
900754 2440
664482 241912
903194 4558
890006 19990
909996 266
909996 1860
526092 387182
909996 4842
909996 5962
906394 12710
915958 6644
922602 4608
915958 15030
930988 704
930988 5168
915958 22168
938126 4224
915958 27808
938126 6022
942350 2068
810976 134286
798624 147120
945262 1058
946320 3078
946320 5986
952306 9246
946320 25702
972022 1100
736433 236696
946320 27210
973129 619
900754 73218
973972 4506
978478 1164
979642 536
980178 1984
979642 6190
985832 478
973972 13910
829392 159456
988848 6070
602130 399990
987882 16616
1004498 1092
1004498 2452
1006950 480
1004498 8152
618696 393984
973129 39917
1013046 2919
1015965 3045
1019010 992
1020002 7006
1020002 9824
1020002 15878
1015965 20379
1036344 4166
1036344 5696
1035880 8690
1042040 3256
852974 192794
1042040 7942
1042040 8044
1050084 1692
1051776 1368
1051776 2162
1053144 4166
1053144 7942
1029826 32436
1051776 12964
1036344 36174
1064740 8142
1072882 8490
638996 443410
1082406 2638
1081372 8972
1081372 9768
1091140 2210
709044 399990
1109034 1716
1110750 3096
1109034 6006
1115040 4880
1082406 41454
1020002 105684
1123860 6632
795332 339412
1134744 2746
1123860 13830
1109034 33436
1142470 1730
1142470 2042
1109034 48762
637550 523230
1157796 14900
1172696 1246
1093350 82680
1173942 4216
1053938 124670
1173942 25334
1199276 5780
1109034 99066
927210 283008
1208100 9248
1208100 13486
1221586 178
1042040 183998
662556 566194
1226038 6628
1226038 6968
1232666 10226
1226038 22940
1248978 950
1226038 33806
1259844 8654
1226038 43160
1269198 210
1259844 10024
1269868 5230
1275098 7620
1269868 16588
1259844 29420
1289264 11796
1259844 43160
1303004 12316
1315320 650
1303004 13990
1316994 546
1316994 7320
1303004 21508
1324512 1698
1324512 3872
1328384 98
1328384 394
1324512 5068
1329580 2750
1324512 10718
1335230 2590
1303004 39268
1342272 150
1342422 456
676274 667270
1342272 2194
1344466 10650
1344466 11184
1355650 2384
1355650 15086
1226038 153718
1379756 154
1379756 3444
1328482 55808
1036344 349476
1385820 1744
1385820 4446
1385820 13846
1399666 2280
1385820 22080
1407900 1080
1407900 15546
1423446 1020
1303004 124670
1407900 20114
1428014 2572
1428014 14760
942350 501250
1442774 12730
1428014 33958
1461972 1276
1461972 4692
1385820 93420
1479240 4206
1483446 4450
1487896 950
1479240 27834
1015965 492223
1507074 5048
1508188 6246
1514434 7006
1514434 7586
1335230 192794
1514434 22806
1514434 33380
1547814 6868
1547814 12592
1547814 13494
1547814 20938
1455504 114420
1508188 71022
1579210 2840
1582050 13830
1579210 24014
1603224 2781
1508188 98034
1606222 8254
1606222 9740
1615962 6672
1615962 9882
1615962 11724
1627686 3866
1627686 15090
1642776 378
1642776 4206
1049982 616252
1646982 27834
1674816 1592
1627686 62406
1627686 80352
1606222 104096
1710318 2430
1710318 8898
973129 750954
1724083 3467
1724083 3509
1727592 2814
1730406 5198
1727592 8088
1735680 4052
1724083 19481
1743564 5886
1379756 372830
1134744 618696
1724083 38639
1762722 852
1762722 5164
1767886 3434
1767886 3678
1771564 3740
1767886 11772
1767886 17898
1269408 523230
1762722 30770
1793492 12370
1793492 20098
1813590 5696
1793492 37120
1779658 51920
1831578 25882
1857460 3108
1860568 4118
1860568 9620
1870188 714
1860568 15486
1762722 116414
1879136 5152
1879136 13246
1892382 376
1892382 1674
1892382 38004
1930386 4032
1892382 52560
1944942 1166
1944942 4120
1892382 58292
1950674 790
1944942 7590
1950674 4824
1892382 69204
1961586 16980
1961586 22586
1961586 47492
1961586 48762
2009078 3712
2009078 5102
1582050 434170
1879136 168850
2047986 4740
2052726 24764
2077490 152
2077642 27022
2052726 54250
1690092 440656
2106976 26666
2106976 37154
2144130 17944
2052726 116882
2169608 1024
2170632 2022
1762722 410308
2173030 17100
2173030 24810
2197840 4772
2197840 14076
2211916 9436
2197840 25206
1944942 283402
2197840 43362
2241202 25368
2173030 123990
2297020 1444
2298464 4816
1385820 946320
2332140 5974
2303280 38118
2341398 26742
2341398 37574
2378972 14080
2173030 230776
2403806 11718
2403806 30922
2434728 6822
1762722 709044
2471766 3030
2471766 4396
2476162 6798
1724083 763993
2488076 7444
2488076 8964
2497040 14952
1767886 765744
2497040 50212
2547252 6758
2488076 83530
2571606 7452
2579058 606
2579058 19542
2579058 27210
2606268 10096
2571606 86772
2488076 191122
2679198 1822
2679198 8934
2688132 35088
1724083 1013046
2737129 4745
2741874 5380
2737129 35333
2772462 714
2772462 6742
2737129 47662
2784791 15963
2800754 11608
2812362 5730
1455504 1399666
2812362 45732
2800754 81508
2882262 1300
2800754 86506
2887260 11264
2784791 128525
2913316 14438
2927754 30232
2957986 12506
2927754 53418
2981172 5716
2927754 104860
3032614 2018
3034632 31014
3065646 5376
2927754 152406
2784791 303657
3088448 10932
3099380 20432
3099380 27872
2784791 360091
3144882 114420
3259302 11722
3271024 10922
3281946 25656
3271024 62414
3333438 114120
3271024 199144
3470168 29356
3499524 24510
2784791 747872
2679198 865220
3532663 59445
3592108 14952
3532663 115848
3648511 20241
3668752 29362
3648511 132689
3781200 10130
3648511 157793
3806304 1072
3807376 4900
3807376 25796
3807376 175856
3806304 177378
3983682 157458
4141140 53934
4195074 107490
4302564 24140
3648511 690233
4338744 106506
4445250 154696
4599946 373388
4338744 747346
5086090 80618
5086090 153516
5086090 155470
5241560 487412
5728972 7586
5241560 602662
4338744 2047986
6386730 603390
3648511 3648511
7297022 1015965
8312987 1606005
9918992 532702
8312987 4338744
12651731 153980
12805711 1508188
14313899 591788
14905687 219576
15125263 27496
15152759 92012
15244771 810976
16055747 416460
16472207 1036344
17508551 81618
17590169 55808
17645977 945262
18591239 64128
18655367 1385820
20041187 393984
20435171 527670
20962841 580686
21543527 592814
22136341 321232
22457573 114128
22571701 737238
23308939 1606222
24915161 2488076
27403237 27630
27430867 447166
27878033 82838
27960871 1710318
29671189 880152
30551341 788740
31340081 190716
31530797 890006
32420803 7396
32428199 1762722
34190921 909996
35100917 160752
35261669 1479240
36740909 1042040
37782949 752220
38535169 1579210
40114379 3144882
43259261 828716
44087977 106392
44194369 2772462
46966831 1226038
48192869 167384
48360253 2741874
51102127 2471766
53573893 716634
54290527 2173030
56463557 2403806
58867363 2679198
61546561 158248
61704809 1603224
63308033 1582050
64890083 1379756
66269839 301242
66571081 523018
67094099 305670
67399769 186194
67585963 175110
67761073 915958
68677031 2688132
71365163 1879136
73244299 17542
73261841 618696
73880537 1050084
74930621 51920
74982541 10866
74993407 318112
75311519 75110
75386629 2476162
77862791 118248
77981039 5588
77986627 1259844
79246471 1051776
80298247 243244
80541491 1793492
82334983 2297020
84632003 4356
84636359 1303004
85939363 57420
85996783 519564
86516347 105472
86621819 869478
87491297 2298464
89789761 50226
89839987 160936
90000923 36788
90037711 664456
90702167 340490
91042657 175452
91218109 481440
91699549 1743564
93443113 771466
94214579 6386730
100601309 105684
100706993 147120
100854113 1507074
102361187 536792
102897979 334102
103232081 1892382
105124463 399990
105524453 1248978
106773431 394118
107167549 62692
107230241 1615962
108846203 854744
109700947 399016
110099963 590744
110690707 600294
111291001 21790
111312791 2303280
113616071 3088448
116704519 23388
116727907 1342272
118070179 568438
118638617 795332
119433949 3806304
123240253 576046
123816299 302450
124118749 514132
124632881 488100
125120981 519752
125640733 2779204
128419937 1961586
130381523 2341398
132722921 764280
133487201 114996
133602197 943766
134545963 2913316
137459279 432030
137891309 345402
138236711 938126
139174837 30994
139205831 173972
139379803 765744
140145547 860302
141005849 120764
141126613 1514434
142641047 1483446
144124493 518028
144642521 288816
144931337 474030
145405367 186624
145591991 1256
145593247 265756
145859003 1950674
147809677 1547814
149357491 575406
149932897 679770
150612667 359694
150972361 423066
151395427 1344466
152739893 1627686
154367579 1289264
155656843 1109034
156765877 1830612
158596489 3592108
162188597 327534
162516131 44276
162560407 153652
162714059 298838
163012897 3781200
166794097 2197840
168991937 181526
169173463 811026
169984489 73218
170057707 220686
170278393 283008
170561401 1719216
172280617 2241202
174521819 1208100
175729919 3791330
179521249 1625844
181147093 380634
181527727 1355650
182883377 3983682
186867059 2800754
189667813 1407900
191075713 221916
191297629 765622
192063251 82680
192145931 239532
192385463 62334
192447797 446844
192894641 946320
193840961 387182
194228143 86100
194314243 1019010
195333253 3807376
199140629 560930
199701559 667270
200368829 1512122
201880951 14332
201895283 1232666
203127949 18828
203146777 1064740
204211517 103826
204315343 1157796
205473139 774918
206248057 499810
206747867 205850
206953717 580164
207533881 2052726
209586607 232932
209819539 1072882
210892421 650186
211542607 182002
211724609 8690
211733299 67492
211800791 1053938
212854729 565858
213420587 1727592
215148179 43802
215191981 1081372
216273353 2571606
218844959 34880
218879839 1269868
220149707 3259302
223409009 384662
223793671 6130
223799801 3983232
227783033 1269198
229052231 2009078
231061309 1944942
233006251 930988
233937239 2169608
236106847 900754
237007601 383730
237391331 539220
237930551 942350
238872901 259626
239132527 265270
239397797 1040510
240438307 334564
240772871 405480
241178351 167678
241346029 24574
241370603 1428014
242798617 1324512
244123129 1461972
245585101 655840
246240941 1020002
247260943 9468
247270411 1767886
249038297 861092
249899389 522870
250422259 3271024
253693283 1813590
255506873 808386
256315259 843504
257158763 1423446
258582209 496202
259078411 972022
260050433 2927754
262978187 8364
262986551 2378972
265365523 197860
265563383 177464
265740847 2106976
267847823 3080160
270927983 768836
271696819 229980
271926799 664482
272591281 440656
273031937 411804
273443741 853286
274297027 602604
274899631 557742
275457373 2014180
277471553 37736
277509289 8232
277517521 580426
278097947 24830
278122777 339412
278462189 276374
278738563 1537240
280275803 815438
281091241 922602
282013843 5086090
287099933 476604
287576537 526092
288102629 130808
288233437 1053144
289286581 1930386
291216967 973972
292190939 9918992
302109931 987882
303097813 1142470
304240283 1004498
305244781 936156
306180937 1012680
307193617 231390
307425007 3607060
311032067 2497040
313529107 481846
314010953 117930
314128883 192794
314321677 378976
314700653 41454
314742107 1172696
315914803 2887260
318802063 644770
319446833 903194
320350027 53752
320403779 708312
321112091 56870
321168961 2170632
323339593 503106
323842699 665634
324508333 2658378
327166711 40272
327206983 1785784
328992767 430490
329423257 2223046
331646303 64166
331710469 359608
332070077 862934
332933011 500770
333433781 302616
333736397 231086
333967483 1221586
335189069 383780
335572849 371350
335944199 440384
336384583 1012650
337397233 1727550
339124783 602130
339726913 178218
339905131 236950
340142081 1268498
341410579 787614
342198193 1735680
343933873 2368140
346302013 523230
346825243 139224
346964467 827470
347791937 443820
348235757 1016
348236773 2723220
350959993 1399666
352359659 860084
353219743 1134744
354354487 647694
355002181 1173942
356176123 160398
356336521 978478
357314999 24554
357339553 714306
358053859 1779658
359833517 1049982
360883499 1144512
362028011 549186
362577197 398400
362975597 798624
363774221 73832
363848053 887958
364736011 979642
365715653 141140
365856793 202854
366059647 398986
366458633 13848
366472481 280086
366752567 1316994
368069561 2077490
370147051 1091140
371238191 1708038
372946229 56468
373002697 443410
373446107 57350
373503457 1568752
375072209 320384
375392593 272374
375664967 244436
375909403 426
375909829 422262
376332091 2579058
378911149 156742
379067891 223880
379291771 243082
379534853 37190
379572043 576048
380148091 2077642
382225733 341240
382566973 803466
383370439 281188
383651627 1595880
385247507 378824
385626331 411066
386037397 306186
386343583 4141140
390484723 2606268
393090991 1035880
394126871 609528
394736399 855260
395591659 1831578
397423237 338692
397761929 1442774
399204703 357340
399562043 1955498
401517541 59022
401576563 1522020
403098583 618496
403717079 153420
403870499 811970
404682469 1561308
406243777 1090344
407334121 192912
407527033 2211916
409738949 223668
409962617 387560
410350177 3833172
414183349 221332
414404681 2882262
417286943 542324
417829267 2812362
420641629 828688
421470317 631406
422101723 781890
422883613 338140
423221753 664166
423885919 3032614
426918533 758004
427676537 591410
428267947 488104
428756051 1286456
430042507 250932
430293439 280602
430574041 140272
430714313 55584
430769897 3099380
433869277 818854
434688131 1199276
435887407 2266570
438153977 1383200
439537177 766756
440303933 1430586
441734519 114204
441848723 852974
442701697 169506
442871203 17868
442889071 371518
443260589 242654
443503243 501250
444004493 54176
444058669 454240
444512909 580154
445093063 631438
445724501 1730406
447454907 638996
448093903 164818
448258721 78956
448337677 194166
448531843 1029826
449561669 130484
449692153 1487896
451180049 127272
451307321 212378
451519699 1379910
452899609 2883562
455783171 1335230
457118401 1894056
459012457 1342422
460354879 1857460
462212339 652568
462864907 287940
463152847 125926
463278773 476888
463755661 559810
464315471 3470168
467785639 1860568
469646207 907752
470553959 596414
471150373 458416
471608789 676274
472285063 176610
472461673 1006950
473468623 397230
473865853 436344
474302197 270204
474572401 876700
475449101 9546
475458647 123164
475581811 224140
475805951 1045296
476851247 1301060
478152307 616252
478768559 189474
478958033 700166
479658199 184474
479842673 1082406
480925079 441410
481366489 261052
481627541 1269408
482896949 351524
483248473 3333438
486581911 2144130
488726041 85948
488811989 233444
489045433 315570
489361003 1370736
490731739 1949062
492680801 445290
493126091 1005590
494131681 189942
494321623 1343544
495665167 650830
496315997 3026
496319023 1892758
498211781 1217348
499429129 396420
499825549 1749450
501574999 2482960
504057959 265358
504323317 283402
504606719 384624
504991343 85470
505076813 372830
505449643 1110750
506560393 100068
506660461 717856
507378317 1690092
509068409 230522
509298931 478362
509777293 1771564
511548857 1424466
512973323 44010
513017333 829086
513846419 914838
514761257 88464
514849721 125676
514975397 683984
515659381 2681020
518340401 692798
519033199 2434728
521467927 510312
521978239 394410
522372649 522634
522895283 1115040
524010323 4195074
528205397 637550
528842947 367320
529210267 1205056
530415323 216008
530631331 506550
531137881 358456
531496337 577272
532073609 2547252
534620861 1819286
536440147 241912
536682059 1057310
537739369 1044570
538783939 2598600
541382539 173202
541555741 779950
542335691 1113846
543449537 375726
543825263 2172654
545997917 108456
546106373 290438
546396811 283746
546680557 117360
546797917 216360
547014277 952306
547966583 518724
548485307 913274
549398581 1952532
551351113 2773176
554124289 655614
554779903 1642776
556422679 68118
556490797 542626
557033423 205346
557238769 809880
558048649 119230
558167879 70700
558238579 363550
558602129 1119920
559722049 297298
560019347 877596
560896943 1275098
562172041 1337820
563509861 486700
563996561 101268
564097829 1521440
565619269 1007430
566626699 530062
567156761 1488846
568645607 340820
568986427 682720
569669147 536220
570205367 113516
570318883 1771320
572090203 906394
572996597 1466664
574463261 64500
574527761 3281946
577809707 730004
578539711 54546
578594257 4445250
583039507 150382
583189889 1984172
585174061 1329580
586503641 886116
587389757 249356
587639113 317506
587956619 401904
588358523 865220
589223743 170110
589393853 4302564
593696417 556806
594253223 880124
595133347 107122
595240469 455010
595695479 820872
596516351 243188
596759539 3307602
600067141 277888
600345029 2981172
603326201 12110
603338311 1560406
604898717 815300
605714017 22326
605736343 2616364
608352707 85076
608437783 1401946
609839729 2133642
611973371 644480
612617851 843292
613461143 62148
613523291 39836
613563127 27426
613590553 641074
614231627 401822
614633449 1455504
616088953 247444
616336397 985832
617322229 1342878
618665107 448282
619113389 36174
619149563 561530
619711093 1178158
620889251 1123860
622013111 194030
622207141 662556
622869697 1443600
624313297 1085044
625398341 732378
626130719 22124
626152843 85426
626238269 432444
626670713 309440
626980153 367630
627347783 853286
628201069 11598
628212667 115060
628327727 68630
628396357 1061086
629457443 406214
629863657 204594
630068251 1884288
631952539 311218
632263757 5241560
637505317 118192
637623509 1027008
638650517 72840
638723357 440274
639163631 32436
639196067 768890
639964957 882132
640847089 1045768
641892857 1739732
643632589 763018
644395607 1805862
646201469 179958
646381427 260684
646642111 237202
646879313 85854
646965167 657722
647622889 272364
647895253 919104
648814357 446392
649260749 2393052
651653801 65856
651719657 346320
652065977 1328384
653394361 229450
653623811 108462
653732273 820170
654552443 162368
654714811 2957986
657672797 3812276
661485073 631804
662116877 499370
662616247 1390266
664006513 803866
664810379 2648
664813027 3034632
667847659 690150
668537809 48402
668586211 927210
669513421 4599946
674113367 1244
674114611 103926
674218537 440982
674659519 90922
674750441 219962
674970403 291070
675261473 980178
676241651 347838
676589489 657350
677246839 1387564
678634403 622548
679256951 98202
679355153 626180
679981333 192484
680173817 349850
680523667 961552
681485219 1144200
682629419 1643154
684272573 350370
684622943 671586
685294529 480590
685775119 2162074
687937193 1328778
689265971 911856
690177827 295700
690473527 2579664
693053191 1554682
694607873 345216
694953089 61622
695014711 746892
695761603 410130
696171733 59644
696231377 1614476
697845853 2441550
700287403 1093350
701380753 881226
702261979 26260
702288239 286164
702574403 347364
702921767 192192
703113959 596772
703710731 712038
704422769 502944
704925713 510614
705436327 75120
705511447 403512
705914959 1876054
707791013 949398
708740411 3544418
712284829 687792
712972621 398398
713371019 1221764
714592783 478774
715071557 663686
715735243 1002120
716737363 944418
717681781 859290
718541071 814710
719355781 184500
719540281 159456
719699737 434170
720133907 31454
720165361 697458
720862819 1870188
722733007 833442
723566449 19230
723585679 931692
724517371 1712748
726230119 470442
726700561 1934418
728634979 10530
728645509 1328482
729973991 829392
730803383 3065646
733869029 1763574
735632603 317828
735950431 181470
736131901 1062262
737194163 1775304
738969467 557072
739526539 2228344
741754883 973748
742728631 788820
743517451 5239606
748757057 160466
748917523 1864686
750782209 186354
750968563 735946
751704509 3071022
754775531 93018
754868549 773684
755642233 2012790
757655023 1752586
759407609 47154
759454763 332868
759787631 391736
760179367 1622634
761802001 205396
762007397 1160780
763168177 825024
763993201 3668752
767661953 1125686
768787639 79128
768866767 1408980
770275747 2016220
772291967 2202612
774494579 870380
775364959 2130748
777495707 16940
777512647 583710
778096357 405166
778501523 503268
779004791 2511992
781516783 702618
782219401 1242892
783462293 988848
784451141 1072518
785523659 745892
786269551 1137490
787407041 910262
788317303 566194
788883497 1324314
790207811 1326210
791534021 647328
792181349 199844
792381193 2747254
795128447 231554
795360001 855030
796215031 595876
796810907 10451694
807262601 973122
808235723 4973334
813209057 10902
813219959 2898524
816118483 441774
816560257 40656
816600913 1176030
817776943 390384
818167327 70864
818238191 1870902
820109093 108980
820218073 1355116
821573189 129320
821702509 1384290
823086799 2986888
826073687 816084
826889771 64800
826954571 5844222
832798793 64944
832863737 666734
833530471 737050
834267521 529956
834797477 449522
835246999 614124
835861123 3447558
839308681 1753440
841062121 655146
841717267 759114
842476381 230650
842707031 124670
842831701 53268
842884969 1569924
844454893 835888
845290781 7958
845298739 973530
846272269 659178
846931447 270640
847202087 2858094
850060181 305568
850365749 2010348
852376097 292680
852668777 535992
853204769 392648
853597417 144354
853741771 164782
853906553 154010
854060563 455718
854516281 394528
854910809 2104664
857015473 606088
857621561 1282718
858904279 665662
859569941 169782
859739723 252420
859992143 2332140
862324283 171158
862495441 1317540
863812981 311682
864124663 1315320
865439983 347076
865787059 3127252
868914311 882768
869797079 245624
870042703 6990120
877032823 429264
877462087 186666
877648753 456318
878105071 994918
879099989 1631552
880731541 2190130
882921671 26138
882947809 664170
883611979 2855170
886467149 1946108
888413257 137902
888551159 1315970
889867129 5728972
895596101 231168
895827269 740720
896567989 1332330
897900319 35350
897935669 201282
898136951 65468
898202419 846748
899049167 57612
899106779 61212
899167991 1210218
900378209 3698114
904076323 800308
904876631 741438
905618069 2818092
908436161 5166708
913602869 849888
914452757 1233006
915685763 714896
916400659 2495520
918896179 2533630
921429809 67370
921497179 1646982
923144161 1137690
924281851 982162
925264013 42758
925306771 765102
926071873 3499524
929571397 531352
930102749 361934
930464683 519394
930984077 281532
931265609 356154
931621763 196416
931818179 855240
932673419 152304
932825723 1249928
934075651 157998
934233649 1427674
935661323 752256
936413579 945744
937359323 3524034
940883357 986310
941869667 782804
942652471 860536
943513007 1735604
945248611 569532
945818143 645556
946463699 598728
947062427 2221352
949283779 204562
949488341 1130492
950618833 1666234
952285067 310526
952595593 644410
953240003 2554010
955794013 1228750
957022763 2415524
959438287 2970492
962408779 944148
963352927 226884
963579811 1463248
965043059 56658
965099717 885986
965985703 1528024
967513727 763736
968277463 1674816
969952279 1951464
971903743 1978566
973882309 340060
974222369 4326704
978549073 1358034
979907107 2474796
982381903 1178608
983560511 1676408
985236919 1792638
987029557 2338114
989367671 681098
990048769 3119812
993168581 5736558
998905139 26022
998931161 844302
