2865
1 1
2 1
2 2
4 1
4 2
6 1
4 4
8 1
9 1
8 3
11 1
11 2
13 1
13 2
8 8
16 2
18 1
18 3
21 1
15 8
23 1
23 2
23 3
26 1
18 10
28 1
29 2
16 16
32 1
32 2
34 1
35 1
36 1
36 2
36 6
35 10
45 1
34 13
32 16
48 1
48 4
52 1
52 2
52 3
48 9
57 1
58 1
57 3
60 1
60 3
32 32
64 3
60 9
64 6
70 1
71 1
70 3
73 1
74 1
70 8
78 3
78 6
57 28
85 5
85 7
85 8
85 11
52 48
100 2
102 1
102 3
105 3
100 9
109 3
109 4
113 5
70 52
64 64
128 2
130 3
130 4
134 4
128 11
139 1
139 4
143 2
143 3
146 1
147 1
146 11
146 15
146 16
162 3
139 29
122 52
174 4
168 11
139 47
186 6
128 70
198 1
199 2
201 2
198 11
209 2
186 36
222 1
223 5
228 2
230 1
228 10
222 21
198 48
246 3
249 5
254 1
128 128
256 8
256 9
265 7
256 18
274 4
249 34
256 28
284 3
256 34
290 1
290 8
298 1
290 15
305 1
306 4
310 3
313 3
313 9
322 10
322 14
336 3
322 26
348 1
349 5
354 2
290 73
363 3
366 1
367 3
366 5
371 4
363 16
379 4
379 11
390 5
379 26
379 34
413 2
413 11
424 7
413 28
441 6
447 1
256 198
454 11
447 19
454 13
454 16
454 18
472 4
472 11
472 19
454 42
472 28
500 6
506 4
256 256
512 3
515 1
515 10
515 23
538 6
363 186
549 1
550 3
550 8
558 16
549 31
515 67
512 71
583 10
593 1
593 2
595 5
582 23
605 2
512 100
612 2
614 1
615 1
515 109
624 3
624 5
629 3
629 9
629 19
612 45
657 3
657 8
657 9
657 14
671 4
671 10
671 11
512 174
686 6
686 13
686 16
549 161
710 5
710 7
717 4
721 13
734 2
734 6
686 60
746 1
747 3
512 246
758 3
758 6
764 1
758 14
746 42
788 4
788 5
793 8
788 18
746 74
820 4
824 13
758 85
843 2
843 6
849 1
849 6
855 2
855 10
849 23
872 9
881 11
872 21
893 3
893 6
899 3
899 4
893 19
912 7
912 23
935 5
940 2
855 102
512 454
966 2
968 2
843 130
973 3
966 21
987 1
987 9
512 512
1024 31
1024 32
987 70
1057 2
1059 1
1060 2
1060 4
1060 9
1024 52
1076 12
1076 14
1024 67
1024 78
1102 9
1111 7
1102 29
1111 23
1134 14
1148 3
1102 52
1154 5
1154 21
1175 2
1175 11
1186 3
1186 15
1024 186
1210 3
1213 6
1210 11
1221 9
1221 11
1221 12
1233 1
1233 6
1213 32
1221 31
1252 36
1252 38
1252 45
1297 16
1252 64
1111 209
1320 4
1320 9
1329 11
1076 274
1350 6
1350 10
1360 2
1360 18
1350 33
1210 174
1384 19
1384 23
1384 48
1432 19
1407 52
1459 16
1475 11
1432 61
1210 284
1494 3
1497 4
1501 5
1494 57
1551 1
1497 71
1551 32
1210 379
1589 5
1589 25
1614 2
1616 52
1551 118
1669 5
1669 9
1210 472
1682 3
1685 12
1685 18
1682 35
1717 8
1717 16
1717 35
1752 6
1758 2
1752 13
1733 36
1769 12
1752 31
1783 8
1783 19
1802 3
1805 18
1823 15
1752 96
1848 1
1848 8
1856 21
1877 4
1752 130
1882 18
1882 42
966 966
1882 67
1949 2
1951 2
1949 7
1956 2
1958 28
1024 966
1990 1
1990 16
1991 37
1024 1024
2048 2
2048 23
2071 11
2071 23
2094 4
1991 113
2048 57
2105 19
2104 31
2006 139
2105 60
2165 1
2165 15
2145 45
2048 147
1882 363
2245 21
2266 4
2270 10
1877 405
2048 238
2286 13
2286 16
2245 75
2048 290
2338 1
2339 4
2339 7
2339 14
2353 8
2353 16
2369 31
2400 2
2400 11
2411 3
2411 4
2338 105
2443 8
2338 122
2460 8
2338 139
2477 7
2477 21
1752 758
2510 4
2514 5
2514 19
2533 13
2510 64
2402 199
2574 28
2602 4
2477 143
2620 61
2620 63
2683 2
2685 2
2685 14
2620 85
2705 1
2705 5
2710 6
2716 3
2710 46
2620 157
2477 305
2782 18
2782 23
2805 14
2819 16
2782 67
2805 54
2859 1
2859 19
2859 21
2880 2
2880 5
2885 12
2880 25
2905 4
2878 46
2924 21
2924 25
2880 96
2976 12
2976 14
2990 55
2990 72
3045 26
1589 1497
3086 13
3086 29
3086 32
3118 2
3120 1
3120 14
2782 363
3120 42
2859 306
2805 379
3184 38
3184 48
3184 55
3165 118
3283 25
2477 843
3320 9
3320 36
3184 186
3370 12
3382 11
3393 6
3399 18
3399 35
3393 67
2805 675
3320 168
3488 28
3488 32
3520 4
3524 1
3524 7
3488 48
3536 33
3536 48
3488 109
3597 10
3597 21
3597 46
3643 52
3618 113
3731 45
3239 549
3788 23
3184 629
3813 9
3788 47
3813 75
3888 4
3597 298
3895 5
3895 25
3920 7
3900 42
3942 14
3320 681
3900 118
4018 13
2048 1990
4038 4
4038 12
4038 36
2048 2048
4096 21
4096 29
4096 36
4132 23
4096 78
4174 2
4176 16
4038 179
4217 8
4217 81
3895 405
4174 146
4320 4
4324 12
4336 3
4320 55
4375 13
4339 92
4096 363
4336 140
4476 13
4489 10
4459 69
4528 6
4528 112
4298 366
4375 313
4688 22
4688 25
4713 6
3643 1091
4096 686
4782 11
4793 12
4805 28
4793 42
4096 758
4854 34
4854 63
4917 12
4688 290
4917 71
4917 73
4782 230
4988 100
4990 128
5118 29
5118 35
5153 9
5118 63
5118 162
2777 2514
5291 11
5291 36
5291 118
5409 4
4990 424
5414 63
5477 42
5477 96
5573 64
5477 168
5414 256
5477 230
4990 772
5762 96
3184 2782
5966 78
5762 287
6049 11
4854 1210
6064 42
6060 102
6106 63
6169 11
6044 165
6209 102
6106 222
6328 29
4096 2338
6434 25
6459 10
6434 133
6567 16
6567 53
6620 33
6434 283
6434 287
6721 9
6730 3
6064 681
6745 11
6745 45
6049 788
6837 57
6434 496
6930 35
6894 112
7006 1
6837 209
6930 147
7077 2
7079 32
6894 306
6721 538
6930 405
7335 38
5477 1924
7335 74
7335 112
7447 11
7335 199
7447 146
7534 146
7335 470
6434 1384
7818 33
7805 64
7534 375
7818 105
7335 615
7950 69
7818 274
6434 1682
8116 4
4096 4038
8134 14
8134 36
8170 5
4096 4096
8192 23
8192 45
8237 60
8192 143
8192 249
8441 113
8554 8
8562 7
8134 470
8562 143
8604 138
8192 583
8192 612
8554 454
7923 1210
6930 2369
7458 1882
6567 2990
8335 1320
9557 139
8804 912
9716 3
9696 60
7923 1900
9823 8
8775 1076
9851 8
8804 1111
9915 26
9915 70
9915 157
10072 52
9915 255
9941 243
10184 29
8192 2105
10297 4
10184 179
10297 74
10371 4
10371 222
10072 580
10652 5
10371 298
10301 405
10669 85
10754 18
10184 594
8092 2777
10371 605
10297 746
10976 84
11043 18
11060 168
10976 348
11043 290
11043 413
11456 162
11333 375
10778 1111
11889 179
11618 582
10297 1949
7335 4917
12252 96
10976 1384
12360 3
11456 935
12360 92
11043 1551
12594 29
8554 4320
12874 201
12363 849
8804 4459
13263 12
10301 3184
13485 174
11043 2620
13663 74
11043 2782
13825 1
13825 9
13825 134
11456 2683
14139 100
8192 6064
14256 5
13737 675
14256 198
14454 48
14256 470
13485 1432
14726 466
15192 1
12594 2705
15299 168
15467 26
15467 74
15192 366
11043 4528
15571 3
15571 179
15750 4
15467 310
15571 223
15794 23
15541 298
10976 4990
15794 228
15839 222
15794 363
15817 413
8192 8192
15794 612
16384 179
16406 174
16563 26
16563 60
16563 222
15817 1091
16908 198
16563 624
17187 32
17219 72
17219 230
14256 3320
17576 102
16785 987
17187 614
17678 313
17991 238
18229 8
9915 8335
17678 820
18498 174
16384 2460
16589 2353
18844 671
19515 1
19516 63
15817 3900
19717 34
19515 322
17772 2286
19515 549
19837 472
20064 254
18844 1494
20338 96
20434 161
18844 1752
18498 2533
21031 48
20596 538
16384 4854
21238 19
21257 72
21257 162
18229 3393
21257 624
21238 987
14256 8134
15750 6790
22390 366
22390 710
23100 84
23184 70
22390 1175
23100 595
23100 682
21031 3115
14454 9716
22225 1949
24170 47
24174 336
16384 8134
24510 179
23184 1769
24518 467
24953 246
24518 788
25306 13
25306 53
25306 223
25359 648
25306 717
25306 806
25306 1733
24170 2990
27039 255
27039 424
27463 157
27463 310
24518 3488
28006 16
27039 1329
28006 500
28506 122
28628 64
28506 278
24518 4459
28977 12
28977 162
29139 48
29139 348
29487 198
29139 582
29139 1091
30230 19
28977 1783
24518 6434
26023 4990
30952 515
31467 201
30230 1856
17219 15299
16384 16384
32086 806
32768 211
32979 996
32768 1589
34357 162
34357 582
34519 1856
36375 2
36377 168
32768 4528
37296 209
37505 33
32768 4782
37550 52
37602 371
37973 71
37550 657
38207 84
38207 283
38490 28
38490 550
39040 255
39040 629
39295 801
38518 2098
20309 20309
40618 15
39040 2683
41723 367
38490 4217
42707 75
38207 4793
32768 10297
43065 305
43370 7
28368 15467
43377 1056
43370 1949
45319 765
46084 491
32768 14256
47024 973
47997 265
47024 1924
48948 2510
43065 8775
51840 140
48262 4320
52582 857
51458 2574
38518 15750
51458 3370
47024 8170
53439 2339
55194 824
55194 1497
32768 24518
57286 699
57985 103
57286 2477
59763 849
54268 6583
60851 483
59763 1717
61480 57
61537 73
61610 356
61610 1451
61480 2880
61480 3320
64800 1758
51840 16022
66558 2266
68824 264
64800 4888
64800 4917
69717 558
69717 666
70383 72
69717 957
70674 872
71546 441
71987 1062
71987 1213
64800 8441
73241 1118
73241 2705
75946 1848
75946 1882
77828 298
77828 629
75946 3184
79130 902
70383 9716
80099 903
79130 3900
83030 893
83030 2411
83030 4782
57286 30952
88238 855
87812 1882
89093 2443
91536 801
70674 21881
88238 4320
92558 764
92558 2859
95417 2361
95417 3165
92558 6106
98664 3516
102180 6162
88238 20338
108576 476
108576 681
91536 19837
109257 2195
109257 4225
113482 2819
108576 8775
117351 580
89093 29487
117351 1432
118783 638
119421 1088
118783 3480
119421 4320
123741 5409
129150 2124
88238 43065
131303 148
129150 2859
132009 1475
131303 2468
131303 3597
88238 47024
135262 1245
135262 1383
135262 2710
137972 1805
139777 665
135262 6049
141311 2415
92558 51840
141311 3382
98582 47024
145606 272
145878 1568
88238 59763
148001 390
145606 4534
145878 7805
148001 7335
148001 7923
155924 230
156154 1148
155924 2245
137972 21881
155924 4001
148001 13663
161664 793
162457 506
162457 968
161664 2514
162457 2165
164178 1781
155336 11708
164622 2574
165959 2402
165959 2949
168908 24
164178 5477
161664 14726
88238 88238
176476 238
176476 675
176476 1932
178408 614
179022 2519
181541 3329
181541 3822
179022 7805
176476 11043
187519 203
187722 299
187519 1877
189396 1823
187519 4300
168908 23184
191819 1175
192994 3071
187519 8804
196323 1900
196323 2849
198223 1583
196323 4990
201313 1674
202987 2945
201313 5012
196323 10301
196323 10371
156154 51458
206694 1076
207770 375
208145 721
208866 681
209547 264
168932 44433
209547 3920
186827 27773
207770 7077
214847 1059
207770 8237
214847 2339
208145 9823
217186 1951
206694 12594
219288 2104
219288 2905
222193 3071
219288 10669
229957 2343
213365 20064
233429 395
196323 38207
234530 1060
176476 61480
237956 1189
239145 850
237956 6169
244125 616
237956 6930
244886 354
244886 466
245352 2606
245352 4534
244886 6567
251453 1055
252508 837
253345 383
196323 60612
256935 1459
251453 7006
258394 616
258459 736
251453 8134
259587 881
260468 22
260468 2533
263001 4050
267051 1758
268809 1210
267051 3222
270273 1668
271941 69
270273 2706
267051 6620
273671 792
273671 1297
259587 17991
277578 1329
251453 28006
278907 580
259195 21031
251453 28784
278907 2245
280237 2880
251453 34519
285972 1881
285972 2299
285972 4688
290660 638
291298 1953
290660 4499
295159 1616
290660 7401
285972 14454
300426 1090
244886 56691
301577 1134
302711 2835
301577 5291
176476 131303
307779 1118
307779 3120
310899 59
310899 2165
306868 6721
307779 7079
307779 8116
315895 1407
315895 1769
313589 4489
318078 660
317664 2282
315895 9823
325718 22
325718 1725
315895 15839
331734 1131
315895 20064
335959 3695
335959 7335
335959 14139
350098 2082
176476 176476
352952 9
352180 1583
352952 1102
354054 892
352961 2699
352952 4688
354054 3835
357640 2514
354054 13825
367879 3460
367879 4375
372254 3045
375299 1234
376533 2280
375299 4805
375299 5858
381157 1177
381157 1791
382948 71
382334 7079
375299 17106
372254 20309
372254 23100
367879 28506
396385 199
392405 6894
396584 2860
396584 2976
399560 2897
396385 8148
396385 8335
404720 254
367879 38291
404533 2339
406872 483
407355 544
406170 2339
408509 3283
406170 6730
411792 2498
399560 16061
414290 2180
416470 1230
352952 64800
417752 3536
421288 7373
428661 27
428661 2601
431262 896
417752 20434
438186 3788
441974 339
442313 38
442351 367
438186 6894
445080 1232
438186 8604
445080 1802
446882 1697
448579 465
431262 23254
454516 765
446882 9557
456439 3308
446790 13263
460053 942
460053 1252
446790 17187
438186 34357
472543 431
472543 2878
475421 165
475421 865
472543 3895
438186 38490
417752 60612
478364 108
478364 13737
492101 3776
375299 122263
497562 1838
492101 11333
503434 4042
478364 29487
421288 88238
509526 1552
507851 6790
514641 899
514641 2145
516786 90
507851 9299
517150 7680
524830 3062
507851 21134
352952 187519
540471 448
528985 12246
540471 1685
540471 4324
544795 1951
544795 2411
540471 15571
540471 17576
558047 69
558116 558
558047 1154
559201 1239
560440 1340
559201 4476
558047 7909
565956 4489
570445 3956
570445 4835
544795 38207
558047 25529
583576 6357
589933 1111
583576 12391
595967 11
595967 161
595967 4988
600955 2006
602961 740
603701 1760
603701 6653
600955 12252
540471 73241
613712 3162
616874 4833
372254 249886
613712 9133
622845 2681
613712 19837
633549 3525
633549 10778
644327 1186
645513 702
633549 13659
647208 538
647746 1356
647746 2699
613712 37505
651217 37
651217 186
651217 1678
613712 43377
657089 5573
662662 1288
657089 7046
657089 7447
664536 761
657089 9716
666805 1403
613712 55194
668906 516
669422 2882
668906 3618
668906 4132
673038 2800
668906 8562
677468 3
668906 10976
679882 3232
668906 15777
684683 349
685032 1958
684683 2990
687673 1951
687673 3239
690912 553
690912 648
684683 9941
694624 93
694624 2286
668906 31467
700373 764
701137 2885
691560 14139
352952 352952
705904 58
613207 102180
715387 2094
717481 3099
705904 21238
727142 5162
727142 7950
727142 8554
600955 134900
735696 3813
739509 3892
727142 16563
743705 1991
745696 710
743705 2777
746482 525
746482 11618
758100 192
746482 15493
727142 37550
764692 627
764692 2353
767045 2190
767045 3118
770163 1064
770163 1669
771832 1
764692 7818
772510 130
772640 3145
772510 8092
780602 692
780602 3888
764692 20596
785288 5118
790406 512
790918 5707
790406 6721
797127 3399
797127 6044
803171 1769
803171 2685
803171 4929
808100 178
808278 1233
803171 6620
808278 3531
811809 313
812122 370
785288 29139
814427 1360
815787 2135
814427 4388
814427 12874
827301 4125
831426 600
832026 4710
827301 12360
647208 192994
839661 1069
839661 5153
844814 19
844833 1210
846043 7851
827301 27039
854340 4664
854340 5181
840730 21238
861968 582
854340 16785
476676 395354
871125 1506
814427 61537
875964 4074
880038 1486
875964 9985
885949 7200
785288 108576
893864 574
894438 747
893864 2849
893864 2924
893864 3115
896788 550
893864 4174
896713 1958
898038 940
898038 1159
898978 7458
684683 222193
906436 1245
898038 9915
907953 1221
909174 48
909174 4155
913329 49
913329 1059
914388 178
898038 17678
898038 22390
920428 7593
928021 9719
920428 19515
939943 3356
943299 3417
946716 3134
949850 2705
952555 316
939943 15467
939943 20595
960538 1765
962303 1614
960538 3888
800526 168908
960538 14502
975040 632
960538 15299
975837 820
976657 3524
980181 692
980873 2988
962303 23695
980181 10706
990887 970
990887 7259
975837 24985
1000822 2909
1000822 3520
1004342 2484
1004342 2602
1006944 1986
1008930 1151
1008930 3927
955410 60612
1016022 6837
1022859 4640
1022859 4978
1016022 13275
1029297 4339
727142 307779
1034921 1378
1034921 1956
1034921 2402
1034921 3643
1038564 2028
1038564 4018
1042582 1219
1034921 17219
1042582 12452
1042582 18229
1034921 27463
1062384 605
1034921 28977
1063898 2400
1066298 2071
1066298 6583
1063898 10184
1074082 510
1074592 332
1074082 5280
1074082 12246
1074082 13485
1087567 8019
1027837 69717
1074082 23695
1097777 291
1097777 1057
1098834 1324
1100158 1685
1101843 2050
1063898 47997
1111895 3145
1115040 2687
1115040 16061
1115040 16623
1131663 69
1131663 615
1132278 6756
1132278 10363
1063898 79130
666805 476676
1143481 1159
1142641 2369
1143481 5670
1143028 13959
1156987 228
1157215 734
1157949 13075
1157949 15193
1157949 16157
1157949 17772
1157215 23184
1180399 3731
1180399 6060
1186459 10869
1186459 12348
1198807 5302
1198807 16580
1186459 32518
1180399 39669
1220068 5645
1156987 70674
1227661 845
1228506 10072
1227661 13275
1143028 98664
1225713 16623
1241692 9008
1241692 16022
1257714 7869
1241692 24953
1241692 37602
1279294 2451
1279294 6180
1285474 2098
1279294 16589
1295883 988
1295883 8562
1279294 28022
1279294 28368
1307662 9831
1307662 13212
1320874 3607
1307662 21031
1328693 3121
684683 647208
1307662 32086
1339748 5413
1279294 70275
1143028 206624
1349652 1493
1349652 2166
1174106 178408
1349652 3086
1352738 2320
1355058 3643
1352738 11456
1364194 4336
1364194 8175
1372369 8215
1364194 17801
1381995 2302
1384297 6717
1384297 7007
1381995 9851
1391846 14239
1406085 5147
1406085 9696
1364194 61610
1425804 2302
1425804 3942
1364194 70383
1368530 69688
1438218 415
1438633 4431
1434577 10772
1445349 3434
1448783 3811
727142 727142
1454284 4031
1458315 11228
1454284 15558
1454284 15817
1470101 1685
1471786 919
1454284 28006
1482290 715
1482290 3524
1485814 13826
1482290 22756
1505046 8742
1513788 18
1513806 231
1513788 614
1513806 10754
1513788 15541
1529329 5181
1534510 8120
1534510 20058
1529329 25319
1554648 332
1529329 46084
1575413 976
1482290 98582
1580872 7409
1588281 3569
1588281 6837
1595118 2414
1595118 2756
1454284 148001
1602285 6965
1602285 12623
1602285 16230
1618515 1313
1618515 8297
1626812 607
1626812 22540
1626812 27160
1618515 40618
1602285 69717
1672002 145
1672147 21079
1672002 21881
1693883 15574
1693883 16908
1710791 24217
1602285 134900
1737185 15966
1737185 18250
1755435 2145
1755435 6745
1737185 26023
1763208 1290
1763208 5409
1763208 10170
1763208 17219
1780427 5327
1780427 9655
1790082 14412
1763208 41723
1602285 206694
1808979 10213
1808979 18498
1827477 1316
1828793 6469
1780427 56018
1836445 3584
1827477 16406
1843883 4117
1843883 4713
1808979 43370
1852349 61
1852349 112
1852461 10657
1852461 15794
1852461 20318
1872779 1501
1852349 24174
1852349 29721
1882070 9340
1852349 42707
1895056 5762
1900818 7534
1908352 5966
1868255 51458
1919713 1362
1900818 31013
1931831 6328
1852349 95417
1947766 6459
1954225 201
1947766 26112
1973878 11060
1973878 27294
1852349 155924
2008273 593
2008866 1703
2008866 2369
2011235 4719
2011235 8237
2019472 10375
1331891 705699
2008273 30230
2038503 2719
2038503 5088
2038503 6311
2038503 26007
1602285 478364
2080649 1802
2082451 3
2082454 12200
2080649 21257
2101906 6730
1649352 463977
2101906 11708
2113614 12068
2080649 45319
1602285 540471
2142756 2346
2142756 3393
2146149 8569
2146149 23254
2146149 32892
2142756 48948
2191704 447
2192151 5414
2197565 11889
2209454 1849
2209454 2716
2191704 42782
2142756 92558
2235314 4734
2240048 92
2240140 19516
2240140 36545
2235314 52582
2235314 69688
2305002 1350
2305002 10778
2306352 24146
1882070 461305
2306352 43835
2350187 1594
2350187 2270
2305002 54828
2359830 15750
2142756 234530
2377286 2805
2380091 4298
2384389 10593
2394982 9859
2404841 15754
2384389 38518
2380091 51458
2431549 28989
2460538 28692
2460538 37538
2431549 83923
2515472 594
2380091 141311
2521402 6733
2521402 7111
2521402 21419
2542821 21329
2542821 29187
2542821 38044
2542821 51840
2594661 4298
2594661 19751
2594661 74359
2594661 81002
2594661 85441
2680102 2546
2594661 109052
2542821 164178
2706999 24510
2731509 24170
2755679 11061
2766740 18237
2766740 21622
2521402 283117
2804519 6209
2810728 19579
2804519 39295
2804519 64360
2868879 5519
2868879 14917
2883796 93322
2883796 159925
3043721 5637
2380091 679882
3059973 10652
3059973 31668
3059973 44433
3104406 55778
3104406 67862
3059973 118783
2380091 814427
1602285 1602285
3204570 34939
3204570 71987
3276557 4192
3204570 89093
3204570 135262
3339832 40096
3339832 123741
3463573 17291
3480864 61334
3480864 120509
3339832 319946
3339832 327443
3667275 19717
3339832 354054
3693886 1201
3693886 18942
3693886 71546
3765432 13834
3779266 29685
3808951 30249
3765432 119421
3884853 382948
4267801 8705
3765432 603701
3339832 1034921
4374753 14261
4374753 18844
4393597 37296
4430893 40616
4430893 54032
4484925 37973
4522898 51980
4522898 189396
4522898 300426
4823324 73200
4896524 165959
4393597 764692
5158289 145606
5158289 176390
5158289 315895
5474184 161664
5474184 237956
5712140 162457
5874597 33975
5874597 137972
6012569 143726
6156295 274463
5712140 785288
6497428 1131732
6497428 2142756
8640184 893864
9534048 196323
9730371 1063898
10794269 417752
11212021 3693886
14905907 2377286
17283193 898038
18181231 367879
18549110 1482290
20031400 117351
20148751 2080649
22229400 920428
23149828 178408
23328236 4430893
27759129 1808979
29568108 2380091
31948199 5635848
37584047 438186
38022233 613712
38635945 2235314
40871259 75946
40947205 1143028
42090233 219288
42309521 476676
42786197 558047
43344244 1852349
45196593 77828
45274421 30760
45305181 22225
45327406 3293663
48621069 668906
49289975 406170
49696145 396385
50092530 772510
50865040 472543
51337583 2191704
53529287 1349652
54878939 743705
55622644 1737185
57359829 1241692
58601521 735696
59337217 915716
60252933 1827477
62080410 939943
63020353 244886
63265239 5334679
68599918 1156987
69756905 3194518
72951423 1111895
74063318 907953
74971271 780602
75751873 1279294
77031167 960538
77991705 2008273
79999978 1672002
81671980 372254
82044234 158169
82202403 301577
82503980 875964
83379944 25306
83405250 335959
83741209 446790
84187999 251453
84439452 2038503
86477955 827301
87305256 975837
88281093 476438
88757531 1947766
90705297 700373
91405670 285972
91691642 854340
92545982 2125968
94671950 463977
95135927 83030
95218957 2305002
97523959 2101906
99625865 404720
100030585 395354
100425939 1973878
102399817 1580872
103980689 2008866
105989555 1895056
107884611 1505046
109389657 871125
110260782 1227661
111488443 280237
111768680 259587
112028267 179022
112207289 1352738
113560027 1882070
115442097 955410
116397507 201313
116598820 1900818
118499638 3765432
122265070 1513788
123778858 1115040
124893898 684683
125578581 1364194
126942775 701137
127643912 408509
128052421 3059973
131112394 694624
131807018 1876523
133683541 767045
134450586 2234486
136685072 23782
136708854 2521402
139230256 1434577
140664833 1074082
141738915 909174
142648089 3276557
145924646 277578
146202224 657089
146859313 790406
147649719 1763208
149412927 2431549
151844476 2359830
154204306 1131663
155335969 1852461
157188430 1062384
158250814 48262
158299076 78457
158377533 1000822
159378355 1097777
160476132 651217
161127349 1931831
163059180 1132278
164191458 4484925
168676383 1038564
169714947 155336
169870283 198223
170068506 421288
170489794 260468
170750262 633549
171383811 1016022
172399833 2804519
175204352 705962
175910314 556042
176466356 2192151
178658507 1087567
179746074 770163
180516237 191819
180708056 544795
181252851 4522898
185775749 475421
186251170 507851
186759021 27620
186786641 39040
186825681 2515472
189341153 1908352
191249505 460053
191709558 2542821
194252379 207770
194460149 1228506
195688655 1425804
197114459 2706999
199821458 1042582
200864040 1381995
202246035 91536
202337571 1804931
204142502 1954225
206096727 1529329
207626056 1588281
209214337 528985
209743322 404533
210147855 3178756
213326611 2384389
215711000 2375580
218086580 77794
218164374 647208
218811582 583576
219395158 214847
219610005 331734
219941739 245352
220187091 896979
221084070 765319
221849389 1098834
222948223 1755435
224703658 1004342
225708000 396584
226104584 36375
226140959 771832
226912791 406872
227319663 666805
227986468 1238578
229225046 109257
229334303 2460538
231794841 492101
232286942 1349569
233636511 1872779
235509290 664536
236173826 797127
236970953 4823324
241794277 1914318
243708595 5303895
249012490 1320
249013810 1513806
250527616 472974
251000590 1029297
252029887 102180
252132067 803171
252935238 735092
253670330 399560
254069890 2082451
256152341 808100
256960441 595967
257556408 1391846
258948254 5874597
264822851 25359
264848210 2287896
267136106 1157215
268293321 677468
268970789 208145
269178934 2498076
271677010 1868255
273545265 790918
274336183 1843883
276180066 1180399
277360465 859521
278219986 2306352
280526338 1355058
281881396 208866
282090262 404974
282495236 976657
283471893 461305
283933198 2731509
286664707 600955
287265662 1470101
288735763 2011235
290746998 687673
291434671 565956
292000627 980181
292980808 392563
293373371 215906
293589277 7629160
301218437 2516066
303734503 1157949
304892452 325718
305218170 1575413
306793583 375299
307168882 2197565
309366447 3104406
312470853 113482
312584335 898978
313483313 746482
314229795 739509
314969304 169655
315138959 209547
315348506 2755679
318104185 690912
318795097 1022859
319817956 278907
320096863 177151
320274014 885949
321159963 4712294
325872257 1060811
326933068 122263
327055331 1220068
328275399 46575
328321974 32979
328354953 691560
329046513 517150
329563663 2868879
332432542 3667275
336099817 1307662
337407479 235590
337643069 144693
337787762 928021
338715783 15192
338730975 306868
339037843 613207
339651050 1339748
340990798 111452
341102250 2594661
343696911 445080
344141991 943299
345085290 317664
345402954 839661
346242615 4793
346247408 411792
346659200 761975
347421175 350098
347771273 3239509
351010782 1372369
352383151 1331891
353715042 1618515
355333557 896788
356230345 644327
356874672 1762180
358636852 2240048
360876900 503434
361380334 4001
361384335 92337
361476672 301516
361778188 263001
362041189 844814
362886003 559201
363445204 1919713
365364917 441974
365806891 696910
366503801 694717
367198518 1066298
368264816 1753151
370017967 602961
370620928 880038
371500966 446882
371947848 267051
372214899 715387
372930286 12363
372942649 407355
373350004 758100
374108104 4896524
379004628 476286
379480914 6012569
385493483 1307316
386800799 1828793
388629592 78126
388707718 897338
389605056 1186459
390791515 1143481
391934996 1429746
393364742 772640
394137382 192994
394330376 1149151
395479527 1175721
396655248 1595118
398250366 229957
398480323 97778
398578101 1384297
399962398 859004
400821402 273671
401095073 1295883
402390956 5062483
407453439 784490
408237929 456439
408694368 1086328
409780696 156154
409936850 906436
410843286 357889
411201175 1780427
412981602 2146149
415127751 1218977
416346728 290660
416637388 1659133
418296521 2350187
420646708 1328693
421975401 222193
422197594 745696
422943290 514641
423457931 1693883
425151814 36377
425188191 206325
425394516 56018
425450534 2422907
427873441 2703713
430577154 1036877
431614031 442313
432056344 808278
432864622 705699
433570321 1100158
434670479 352961
435023440 818815
435842255 2883796
438726051 516786
439242837 1406085
440648922 117931
440766853 2330498
443097351 906876
444004227 1614908
445619135 298061
445917196 1819192
447736388 186827
447923215 1027837
448951052 442351
449393403 1891410
451284813 11324
451296137 2240140
453536277 399444
453935721 1710791
455646512 1368530
457015042 840730
457855772 3043721
460899493 475586
461375079 371
461375450 314858
461690308 1836445
463526753 181541
463708294 2843814
466552108 1027499
467579607 975040
468554647 771227
469325874 664135
469990009 746406
470736415 1835262
472571677 4574878
477146555 199806
477346361 3659778
481006139 800526
481806665 747007
482553672 136645
482690317 1524560
484214877 313589
484528466 563677
485092143 258459
485350602 652895
486003497 73049
486076546 673038
486749584 583002
487332586 392405
487724991 2209454
489934445 964426
490898871 672524
491571395 990887
492562282 685032
493247314 136507
493383821 558116
493941937 570445
494512382 547206
495059588 1098068
496157656 2580865
498738521 2315780
501054301 2082454
503136755 4176
503140931 515540
503656471 937740
504594211 318078
504912289 53439
504965728 111373
505077101 2766740
507843841 1320874
509164715 87812
509252527 1415781
510668308 896713
511565021 1266645
512831666 683114
513514780 831426
514346206 168908
514515114 274968
514790082 371339
515161421 2113614
517275035 3712828
520987863 2094654
523082517 1391304
524473821 645513
525119334 1174106
526293440 894438
527187878 2125682
529313560 145878
529459438 1471786
530931224 3091641
534022865 1445349
535468214 2179041
537647255 147446
537794701 139777
537934478 185363
538119841 163425
538283266 43000
538326266 42090
538368356 575280
538943636 811809
539755445 5908572
545664017 1079362
546743379 1483005
548226384 1735008
549961392 140442
550101834 17449
550119283 1874280
551993563 191219
552184782 962303
553147085 80099
553227184 3686992
556914176 2010569
558924745 704022
559628767 2572008
562200775 2001172
564201947 732304
564934251 1514402
566448653 1184130
567632783 244125
567876908 2276685
570153593 9756
570163349 809511
570972860 913329
571886189 116301
572002490 402457
572404947 675838
573080785 812122
573892907 1848596
575741503 985998
576727501 1790082
578517583 796625
579314208 596128
579910336 4369133
584279469 1609250
585888719 1198807
587087526 199172
587286698 1411232
588697930 2788362
591486292 168361
591654653 252508
591907161 357640
592264801 3884853
596149654 805856
596955510 310899
597266409 196065
597462474 832026
598294500 1938159
600232659 622845
600855504 1003731
601859235 460995
602320230 771833
603092063 647746
603739809 1215387
604955196 1101843
606057039 804940
606861979 281152
607143131 2019472
609162603 1554648
610717251 1773378
612490629 3463573
615954202 509526
616463728 446312
616910040 70455
616980495 428661
617409156 1485814
618894970 221392
619116362 669422
619785784 318738
620104522 1764498
621869020 213467
622082487 840202
622922689 54268
622976957 1785754
624762711 2169403
626932114 216007
627148121 1448783
628596904 1317493
629914397 270273
630184670 1472705
631657375 1469842
633127217 1391014
634518231 92555
634610786 2394982
637005768 2212170
639217938 1037323
640255261 589933
640845194 414290
641259484 168932
641428416 176714
641605130 213365
641818495 2810728
644629223 1142641
645771864 259195
646031059 66558
646097617 381157
646478774 686990
647165764 735855
647901619 1534510
649436129 540919
649977048 872631
650849679 1438218
652287897 2015954
654303851 895185
655199036 963917
656162953 750
656163703 1597874
657761577 1840029
659601606 769235
660370841 861968
661232809 1173142
662405951 1145010
663550961 1006944
664557905 898671
665456576 558674
666015250 2404841
668420091 646215
669066306 1131101
670197407 651254
670848661 1672147
672520808 1257714
673778522 610354
674388876 1626812
676015688 295159
676310847 815787
677126634 616874
677743508 1324481
679067989 1554568
680622557 1709457
682332014 1072881
683404895 1225713
684630608 1197328
685827936 60851
685888787 560440
686449227 3379928
689829155 1033636
690862791 542156
691404947 3480864
694885811 380104
695265915 376533
695642448 256935
695899383 872030
696771413 1008930
697780343 1055034
698835377 1757580
700592957 914388
701507345 1040592
702547937 478472
703026409 68824
703095233 288271
703383504 187722
703571226 650445
704221671 279487
704501158 27773
704528931 497562
705026493 129150
705155643 2680102
707835745 57985
707893730 209811
708103541 4267801
712371342 1438633
713809975 2064510
715874485 946716
716821201 431262
717252463 167044
717419507 817922
718237429 260490
718497919 2343375
720841294 272979
721114273 781294
721895567 1117727
723013294 214600
723227894 2675663
725903557 3779266
729682823 1204109
730886932 148391
731035323 495877
731531200 2145102
733676302 1542630
735218932 3695087
738914019 1068369
739982388 108342
740090730 1285474
741376204 24689
741400893 909222
742310115 717481
743027596 1984938
745012534 249886
745262420 6156295
751418715 844833
752263548 499400
752762948 302711
753065659 1304445
754370104 561780
754931884 332865
755264749 1062989
756327738 279459
756607197 202987
756810184 649102
757459286 662662
758121948 1345161
759467109 949850
760416959 296775
760713734 317302
761031036 28628
761059664 144398
761204062 153683
761357745 131274
761489019 2489230
763978249 225264
764203513 253345
764456858 339654
764796512 133771
764930283 2154718
767085001 313064
767398065 3049358
770447423 3280749
773728172 1006826
774734998 689624
775424622 893149
776317771 969434
777287205 416470
777703675 1576389
779280064 40633
779320697 1103893
780424590 1139034
781563624 1693226
783256850 244741
783501591 2044814
785546405 3601373
789147778 812492
789960270 287853
790248123 162963
790411086 2259656
792670742 1499640
794170382 80032
794250414 743401
794993815 2977118
797970933 132009
798102942 691465
798794407 1452594
800247001 637074
800884075 207612
801091687 980873
802072560 2669020
804741580 2352457
807094037 1095586
808189623 622140
808811763 2420595
811232358 4389014
815621372 1597532
817218904 1954426
819173330 1653972
820827302 159853
820987155 454516
821441671 2043591
823485262 448579
823933841 1012857
824946698 846043
825792741 672304
826465045 164622
826629667 3172268
829801935 271941
830073876 268809
830342685 3070625
833413310 1619828
835033138 1649352
836682490 2041222
838723712 1250700
839974412 665297
840639709 1804494
842444203 3808951
846253154 746406
846999560 914566
847914126 383019
848297145 541231
848838376 591044
849429420 291298
849720718 231
849720949 233429
849954378 217968
850172346 247958
850420304 382334
850802638 355660
851158298 308897
851467195 1242336
852709531 3839200
856548731 2528513
859077244 1852410
860929654 4276506
865206160 245240
865451400 1351818
866803218 1514037
868317255 293251
868610506 621707
869232213 668208
869900421 280226
870180647 1052140
871232787 157302
871390089 1351145
872741234 809791
873551025 378813
873929838 1036299
874966137 2108636
877074773 258394
877333167 89694
877422861 2874398
880297259 1554980
881852239 2029847
883882086 1265583
885147669 1358701
886506370 663950
887170320 998146
888168466 354946
888523412 651403
889174815 1428106
890602921 352180
890955101 1380584
892335685 507476
892843161 232300
893075461 415621
893491082 516876
894007958 432158
894440116 983861
895423977 63061
895487038 389413
895876451 1281745
897158196 1144640
898302836 25199
898328035 1848000
900176035 1443064
901619099 150140
901769239 270019
902039258 1074592
903113850 58088
903171938 775785
903947723 217186
904164909 310958
904475867 836736
905312603 2564150
907876753 720580
908597333 353763
908951096 1010081
909961177 399299
910360476 524830
910885306 605461
911490767 133484
911624251 259010
911883261 899197
912782458 360154
913142612 595978
913738590 3160184
916898774 881524
917780298 511078
918291376 2682648
920974024 2037590
923011614 18672
923030286 2351781
925382067 677471
926059538 305546
926365084 69088
926434172 758292
927192464 862550
928055014 6430758
934485772 459747
934945519 184870
935130389 442718
935573107 23565
935596672 1074924
936671596 527892
937199488 131451
937330939 1458315
938789254 239145
939028399 2528135
941556534 1352514
942909048 61966
942971014 1171024
944142038 1591850
945733888 574401
946308289 2614412
948922701 167196
949089897 2784977
951874874 1296871
953171745 1921075
955092820 1768617
956861437 417700
957279137 991857
958270994 1043801
959314795 2211303
961526098 343294
961869392 546746
962416138 10124
962426262 913378
963339640 625526
963965166 1331814
965296980 219137
965516117 2830307
968346424 1627419
969973843 1287572
971261415 118580
971379995 407899
971787894 2598959
974386853 4471509
978858362 192092
979050454 952555
980003009 188021
980191030 449044
980640074 975672
981615746 239995
981855741 3542198
985397939 952871
986350810 253728
986604538 1863118
988467656 428688
988896344 233824
989130168 325740
989455908 907681
990363589 1097554
991461143 455281
991916424 272010
992188434 205932
992394366 2113329
994507695 1469543
995977238 1240936
997218174 853894
998072068 412900
998484968 1
998484969 1
998484970 1
998484971 1
998484972 1
998484973 1
998484974 1
998484975 1
998484976 1
998484977 1
998484978 1
998484979 1
998484980 1
998484981 1
998484982 1
998484983 1
998484984 1
998484985 1
998484986 1
998484987 1
998484988 1
998484989 1
998484990 1
998484991 1
998484992 1
998484993 1
998484994 1
998484995 1
998484996 1
998484997 1
998484998 1
998484999 1
998485000 1
998485001 1
998485002 1
998485003 1
998485004 1
998485005 1
998485006 1
998485007 1
998485008 1
998485009 1
998485010 1
998485011 1
998485012 1
998485013 1
998485014 1
998485015 1
998485016 1
998485017 1
998485018 1
998485019 1
998485020 1
998485021 1
998485022 1
998485023 1
998485024 1
998485025 1
998485026 1
998485027 1
998485028 1
998485029 1
998485030 1
998485031 1
998485032 1
998485033 1
998485034 1
998485035 1
998485036 1
998485037 1
998485038 1
998485039 1
998485040 1
998485041 1
998485042 1
998485043 1
998485044 1
998485045 1
998485046 1
998485047 1
998485048 1
998485049 1
998485050 1
998485051 1
998485052 1
998485053 1
998485054 1
998485055 1
998485056 1
998485057 1
998485058 1
998485059 1
998485060 1
998485061 1
998485062 1
998485063 1
998485064 1
998485065 1
998485066 1
998485067 1
