2439
1 1
2 1
2 2
4 2
4 3
4 4
8 1
8 3
11 2
7 7
8 8
16 2
18 1
16 4
20 1
16 8
16 11
27 1
28 1
16 14
16 16
32 9
21 21
32 13
32 14
46 1
47 2
46 4
46 9
32 24
56 4
60 3
32 32
64 1
64 2
66 3
69 2
66 9
75 2
77 1
66 13
79 1
79 3
79 4
83 1
84 1
85 1
69 20
89 1
64 27
91 2
64 30
94 1
91 9
94 8
102 3
102 4
94 13
107 7
106 11
94 24
118 1
119 2
121 2
123 1
118 8
64 64
128 1
128 3
131 3
128 7
135 2
135 3
138 8
131 16
147 3
150 9
159 3
159 7
166 1
147 24
171 1
167 9
135 45
180 3
183 6
180 18
198 2
198 6
204 4
198 11
209 3
135 79
214 3
135 89
224 1
135 91
226 9
118 118
235 11
128 128
256 4
214 47
131 131
262 14
276 1
277 8
261 30
285 11
291 11
302 4
276 32
256 56
256 66
312 16
328 3
328 14
312 32
256 94
350 3
350 11
361 6
350 21
371 2
371 8
256 135
391 2
393 1
391 4
391 8
399 2
399 3
312 91
403 3
406 3
409 7
406 16
416 11
422 11
416 18
391 46
437 9
446 1
350 102
452 8
452 11
463 3
466 4
470 2
422 56
406 75
481 2
481 18
403 102
256 256
512 7
519 3
519 8
519 28
547 3
547 11
512 47
559 4
512 56
559 14
563 20
519 66
585 14
512 89
601 8
601 19
585 50
519 118
637 6
437 235
559 119
678 2
678 4
682 4
637 55
692 19
711 3
714 29
519 226
745 9
745 30
775 3
692 89
568 214
782 1
783 2
745 46
791 7
783 47
785 82
519 350
869 8
877 9
568 322
890 3
890 13
519 391
910 2
877 64
890 56
910 47
957 2
910 66
976 27
1003 7
946 69
512 512
1024 11
957 82
1024 20
1044 13
1044 14
1058 2
692 371
1063 2
1065 3
1063 13
1063 46
1024 107
910 226
957 214
1171 6
1171 11
1182 7
1177 13
1171 45
1216 1
1216 11
1216 16
1232 11
1190 83
1273 3
1276 9
1190 118
1190 123
1313 30
1343 27
1024 350
1370 19
1065 344
791 620
1374 42
1374 45
1416 13
1419 11
1419 46
1465 1
1465 6
1430 83
1513 16
1513 20
1533 3
1419 126
1545 14
1559 8
1559 21
1580 20
1559 46
1545 75
1620 1
1620 21
1559 85
1545 119
1664 1
1664 3
1667 7
1419 262
1374 312
1686 3
1686 69
1681 79
1686 79
1765 3
1760 42
1760 66
1826 11
1826 14
1826 65
1024 910
1934 3
1430 519
1934 19
1953 11
1934 32
1966 8
1974 9
1983 20
1983 50
1966 79
1024 1024
2045 13
2048 21
2045 32
2069 13
2077 30
2048 64
2112 47
2048 131
2112 121
2159 78
2179 65
2244 11
2048 224
2272 1
2255 75
2272 83
2330 30
2360 2
2048 322
2330 65
2395 8
2360 86
2446 3
2395 55
2395 84
1934 601
2370 236
2535 86
2606 55
2621 66
2179 512
2687 56
2743 21
2687 94
2743 41
2784 30
2743 128
1974 946
2920 47
2920 63
2621 367
2395 609
2983 75
2988 89
3077 6
2920 226
3146 2
2691 466
2784 399
3146 46
3192 41
3157 117
3274 1
2606 678
2535 775
2370 957
3327 2
2370 976
3346 11
3357 45
3327 118
2691 775
3445 65
3445 83
3357 224
3284 322
3606 3
3609 11
3620 11
3606 60
3346 328
3674 29
3703 7
3703 18
3721 4
3357 371
3346 403
3703 56
3749 18
3728 56
3728 64
3728 200
3728 209
3749 276
4025 6
2370 1686
4056 6
2048 2048
4056 50
4096 13
4062 91
4153 9
4096 75
4171 8
4153 41
4194 13
4179 85
4264 41
4264 46
4264 95
4264 123
4096 344
4440 8
4448 16
4025 505
4530 14
4179 406
4310 308
4530 90
3728 957
4685 6
4685 13
3346 1374
4096 692
4788 28
4788 50
4838 19
4816 47
4838 32
4870 3
4838 65
4863 66
4870 64
4870 69
4939 3
4870 102
4788 214
4838 214
5052 16
5068 8
5002 83
4972 167
5052 121
5173 24
5139 95
5052 235
4838 452
5290 6
5052 261
5313 18
5234 123
4096 1374
5470 18
5470 20
5490 78
5490 135
5357 285
5470 236
5625 91
5706 14
5706 66
5720 95
5815 55
5490 399
5889 123
4096 1934
5772 350
5706 422
6030 131
5772 391
6030 159
6030 166
6030 198
6196 71
6267 1
6268 47
4056 2272
6228 105
6333 95
6328 102
6328 276
5889 775
6315 393
6328 499
6328 743
6827 261
6664 550
5490 1755
7245 47
7292 1
7293 11
6664 682
7304 85
7245 209
7214 344
7245 331
7576 3
7576 56
6664 1076
7576 180
7454 353
7558 350
7908 1
7909 79
7454 609
6333 1768
7558 563
4096 4096
8063 180
8192 129
8321 11
8332 42
8321 171
8492 30
8492 84
8192 406
8192 505
8192 519
8243 635
8878 13
8697 261
8958 11
8958 45
8969 209
8711 481
9192 162
9354 75
8711 745
9456 128
8969 714
9456 260
9716 16
8332 1465
9456 422
9878 119
9456 559
10015 1
9456 637
10093 8
10101 18
10119 11
10015 236
10119 204
10323 3
10093 236
10251 277
10528 3
10531 45
10093 601
6604 4153
10101 903
11004 1
10329 785
11004 198
10093 1131
10694 568
11224 89
11262 100
11004 512
9192 2360
11516 90
11552 102
10757 946
11262 478
11740 89
11740 180
8192 3767
11552 416
11920 189
10093 2179
10093 2272
11004 1567
11740 877
11959 711
10757 1934
12691 46
12365 463
12828 350
9456 3728
12365 830
13195 137
13195 183
12365 1171
13536 28
13195 379
13564 84
13378 399
11313 2661
11920 2077
9878 4179
11552 2606
8711 5470
14181 105
14286 2
14181 117
10757 3581
14298 63
14338 82
14338 302
14420 225
14338 395
12828 1934
14181 682
14181 782
14733 527
13974 1605
14963 1131
14963 1136
16099 9
16094 85
16179 69
16248 20
14286 2077
16363 14
8192 8192
16384 8
16384 65
16449 56
16384 147
9456 7214
16531 159
16690 47
14863 1966
13997 2983
16505 778
16829 563
17392 106
17392 308
16670 1190
17700 262
16384 1681
16094 1983
18065 261
9797 9716
18065 1681
14863 5085
19746 353
18065 2360
20425 7
18065 2691
20756 86
20842 69
20842 84
18077 3004
18065 3284
18065 3327
21392 42
13997 7558
21349 403
16384 5490
21555 350
21874 91
21874 285
17392 4816
22159 89
22208 302
21874 1003
22877 128
23005 71
22877 422
20926 2687
23613 80
21874 1966
23840 107
23947 71
23947 124
23947 176
22208 1934
23947 711
23947 785
24732 3
24732 28
23947 877
24732 399
21874 3346
16363 9354
16384 9456
25840 559
26399 7
26399 167
26566 28
25840 903
23005 3937
20911 6189
25840 1419
26743 1216
26566 1419
26743 1765
28508 77
28508 129
28585 63
26743 2077
25840 3357
25840 3606
25840 3767
29446 395
25840 4056
29896 118
29896 791
24658 6189
30687 1313
32000 49
28585 3728
32313 208
32000 714
16384 16384
32768 106
32874 373
32768 745
26594 7576
32768 1760
32768 1934
32313 3767
34702 1545
34702 2370
37072 204
37276 16
37276 84
36247 1416
37663 85
28820 9178
37276 1559
38835 41
38876 306
37072 2255
39327 775
39327 1063
40390 361
40390 373
40751 547
32768 8711
27259 14298
41479 82
41557 107
41561 379
41561 558
42119 159
42119 1466
41479 2112
43591 1227
43591 1664
34528 11262
45255 778
45255 1044
41479 4838
46299 91
46299 306
46317 563
46880 93
46880 401
46880 869
47749 367
47749 1058
48807 105
46317 4171
50488 95
50583 200
50488 682
50583 635
41479 10093
51572 402
51974 16
51572 1430
51974 2360
53002 1953
54955 460
54955 867
55822 434
51572 4720
56292 1190
46317 11516
51572 7245
56292 2621
57482 1966
56292 3274
59566 225
56292 3666
51572 9192
60764 342
61106 331
61437 246
61437 686
47281 16384
62123 2069
37663 26566
61437 3703
32768 32768
65536 437
51990 14338
65536 1416
66952 1285
66952 2244
69196 890
65536 5052
70588 1136
70588 2355
72943 941
72943 1308
74251 162
74413 93
70588 5002
75590 472
74251 2784
75590 1768
75590 1949
77539 134
65536 12272
77808 331
65536 14181
77808 3346
81154 4207
79717 5720
81154 5068
81154 8243
89397 14
61437 29197
89397 4031
89397 5331
94728 3083
97811 1035
98846 446
65536 34702
100238 3275
100238 3310
103548 1232
100238 4788
105026 783
65536 41479
103513 4440
107015 1411
108426 1429
108426 2003
107015 3749
110764 19
110764 680
110764 2395
113159 291
110764 6030
116794 1641
116794 1826
118620 212
105026 14158
110764 8697
119461 620
118620 3666
122286 2082
120081 7807
107015 21874
65536 65536
131072 393
131072 781
131853 162
132015 176
131072 1949
131853 3581
131072 4440
131072 5290
136362 4585
136362 4816
131072 10694
141766 1674
141766 3233
141766 4870
146636 1471
128889 22208
146636 11552
141766 18065
159831 107
159938 138
160076 1182
159831 1760
131072 30687
161759 296
161759 1465
161759 1559
163318 3148
166466 4939
163318 12691
176009 1010
163318 16531
179849 2237
131072 51572
182644 601
182644 1513
182644 2606
184157 2479
186636 7088
185250 8878
185250 10015
195265 1964
195265 4305
195265 7454
195265 10251
205516 946
195265 13195
131072 79717
210789 3146
210789 5173
179849 38876
205516 16531
215962 6163
210789 12365
223154 1567
223154 3157
226311 1076
227387 522
193724 36080
131072 100238
227387 4720
232107 3784
232107 8101
240208 1109
231310 13184
231310 20425
251735 226
251735 2983
251961 3609
231310 25840
131072 131072
262144 8063
270207 527
270734 4618
270207 8121
262144 16449
262144 19746
281890 3759
195265 90634
262144 29896
292040 6664
298704 6189
304893 3928
292040 22877
314917 886
292040 23947
315987 743
315987 1667
315987 2479
318466 135
318466 4387
322853 8891
322853 9584
322853 9683
332536 2967
335503 1057
318466 32313
315987 37292
353279 1273
353279 1580
315987 40102
356089 680
315987 47749
363736 124
292040 75590
367630 599
262144 107015
369159 1891
369159 1974
371133 1065
371133 3674
374807 2107
369159 10101
379260 6333
379260 7576
379260 11740
369159 23840
386836 8492
392999 8321
401320 5706
407026 3058
407026 4691
411717 1217
392999 21349
414348 5568
392999 29607
422606 2871
392999 36247
429246 1276
429246 2450
429246 6328
435574 2743
435574 3725
435574 5085
440659 7740
440659 11703
452362 146
435574 18326
453900 4464
429246 34528
463774 4942
463774 5870
463774 11114
369159 110764
479923 150
480073 2233
482306 7071
482306 11202
480073 16690
369159 128889
498048 672
498048 13536
511584 1343
498048 14963
513011 4903
513011 7558
262144 262144
524288 416
524704 1068
524704 1840
526544 4109
524288 8598
532886 10323
543209 583
543792 2764
532886 13777
532886 14863
546663 6128
547749 6196
547749 9878
553945 3749
524288 37072
281890 281890
561360 2814
561360 11968
573328 5625
561360 28508
589868 114
589868 2781
589868 2920
592788 1605
594393 3620
561360 40390
561360 46317
607677 90
607677 1644
609321 2983
607677 5287
612964 4025
616989 3192
620181 1600
607677 28508
612964 24824
637788 3728
637788 5313
643101 3937
419916 231310
637788 16099
653887 2273
653887 3466
657353 2988
660341 2535
662876 4857
657353 10757
607677 65973
673650 1620
673650 2045
675695 499
675695 5720
681415 409
681824 3077
675695 9354
681415 12828
685049 10329
695378 10130
675695 32000
673650 37276
710926 6161
710926 7214
718140 1621
673650 51218
673650 53002
673650 56292
729942 13974
607677 136362
653887 90634
524288 231310
755598 2403
758001 26406
755598 28820
755598 29446
785044 4530
789574 1802
789574 7908
797482 86
785044 16829
801873 2661
755598 50488
806086 4620
806086 4972
797568 16363
811058 3445
811058 5772
806086 14298
806086 20756
826842 373
827215 6708
784418 53002
837420 4194
806086 37663
843749 4863
806086 43591
849677 754
849677 2033
804534 48116
852650 1370
849677 4934
854611 1665
843749 18065
861814 4162
854611 11829
854611 17860
854611 23299
877910 433
877910 4264
882174 778
882952 2
877910 8332
524288 369159
893447 11362
904809 4873
893447 26743
920190 9003
920190 16108
920190 17498
893447 46299
939746 5889
945635 1409
947044 5234
947044 7293
893447 70588
964035 8522
972557 14158
964035 29197
993232 3183
893447 105026
998473 893
872471 127888
1000359 6315
998473 10531
998473 11262
1009735 798
877910 133021
1009735 2330
1009004 7292
1012065 17283
1012065 17700
1029765 2449
1029765 3710
1033475 4310
524288 524288
1048576 12109
1048576 14286
1048576 23005
1071581 9997
1071581 13378
1084959 912
1084959 22248
1071581 37360
1048576 69196
1117772 5296
1117772 14288
1132060 6430
1117772 25717
1143489 2362
1117772 32714
1150486 8969
1117772 45255
1163027 470
1163497 10016
1173513 5197
1163497 20432
1183929 1389
1048576 141178
1189754 1039
1189754 14057
1084959 120081
1205040 3004
1048576 161759
1210335 8492
1218827 3721
1222548 7579
1218827 16179
1235006 3528
1235006 9429
1218827 26566
1048576 210789
1259365 172
1259365 371
1259736 9178
1259736 21752
1281488 4359
1281488 7756
1281488 9797
1259736 32874
1292610 10528
1303138 4448
1303138 8576
1259736 66952
1326688 7909
1326688 17392
1344080 394
1344080 14645
1326688 55822
1382510 14420
1382510 16363
1398873 2159
1259365 141766
1401131 427
1401131 16377
1401131 22510
1401131 23076
1424207 12571
1401131 51170
1452301 4685
1456986 32521
1489507 5716
1489507 5815
1495322 1243
1456986 42119
1499105 11313
1499105 20926
1520031 16268
1536299 5642
1520031 24018
1520031 33513
1401131 159831
1560962 1983
1562945 2179
1565124 22159
1587283 9732
1587283 14640
1587283 16392
1565124 41940
1560962 46880
1607842 4062
1607842 12828
1560962 72943
1633905 21081
1654986 447
1633905 38876
1633905 46033
1679938 4106
1633905 58913
1692818 209
1692818 10119
1633905 70086
1489507 218725
1703991 11959
1715950 5488
1703991 20911
1724902 12617
1703991 51990
1755981 2058
1758039 1529
1758039 4929
1703991 78139
1782130 6012
1788142 2687
1048576 755598
1804174 7245
1499105 314917
1811419 8958
1820377 1536
1821913 21905
1811419 41298
1852717 13332
1852717 27100
1852717 61683
1914400 5357
1820377 103513
1923890 1060
1924950 7389
1048576 893447
1942023 5076
1942023 7632
1942023 11920
1953943 959
1942023 39327
1981350 1015
1981350 2535
1983885 59566
2043451 1533
1942023 119461
2061484 22208
2061484 26399
2087883 4153
2092036 3329
1048576 1048576
2097152 1
2097152 14338
2111490 6428
1942023 182644
2124667 1419
2126086 643
2126086 16737
2126086 21555
2126086 40751
2166837 5139
2171976 8374
2166837 13564
2180401 13574
2166837 37748
2204585 573
2205158 217
2205375 21965
2227340 3510
2230850 4698
2126086 120081
2246167 585
1724902 524704
2246752 18077
2264829 14733
2264829 24123
2246752 54334
2246752 59958
2306710 6604
2313314 2784
2313314 17962
2313314 25131
2338445 32049
2338445 59448
2397893 9716
2407609 1189
2407609 6827
2338445 94728
2433173 26942
2433173 36080
2469253 6122
2475375 24735
1942023 561360
2503383 16094
2503383 21392
2524775 6228
2531003 1177
2532180 3402
2532180 3792
2535972 7304
2524775 41561
2566336 24071
2590407 3631
2566336 46390
2566336 51974
2618310 11004
2629314 17860
2618310 48116
2666426 2446
2668872 6268
2666426 11224
2677650 28637
2677650 43585
2721235 4544
2566336 163224
2729560 89411
2818971 11005
2829976 7988
1423641 1417508
2837964 12670
2837964 14361
2818971 110429
2729560 202719
2503383 479923
2983306 16505
2983306 27259
3010565 15260
2983306 50783
3034089 37998
3034089 46605
3034089 77358
2983306 163318
3146624 27985
3174609 39182
3213791 34170
3213791 55415
3269206 15579
3269206 40763
3174609 161258
3335867 1837
3174609 171405
3174609 176009
3350618 6267
3350618 24142
3374760 7756
2983306 414348
2983306 422606
3405912 16248
3422160 19948
3442108 12737
3454845 11606
3405912 81154
3405912 116794
3522706 24732
3547438 44818
3405912 244494
3650406 1937
3650406 56256
2629314 1108941
1942023 1804174
3746197 90634
3836831 16980
3853811 77673
3836831 131465
3746197 226311
3972508 13178
3972508 41557
3746197 356089
4102286 122286
3746197 498048
4244245 21434
4244245 26594
4270839 98846
4270839 144999
4415838 10576
4270839 240208
4511047 68237
4579284 1689
4244245 453900
4698145 483
4698145 10326
4698145 61437
4759582 24658
4784240 107953
4892193 19513
4892193 28648
3746197 1259365
5005562 13648
5005562 89397
5005562 158188
5005562 184157
5005562 257150
5262712 60764
5323476 73884
5397360 64229
5323476 251735
5262712 315987
5578699 30014
5262712 371133
5633845 59791
5633845 127888
5633845 278593
5912438 27959
5912438 48807
5633845 363736
5997581 4179
5997581 14762
6012343 182086
6194429 85361
6012343 281890
6294233 118620
6412853 29841
6442694 48912
5997581 643101
6640682 6128
5262712 1633905
6896617 38835
6935452 23613
6959065 410084
6896617 724868
7621485 63665
5262712 2503383
7766095 292040
8058135 4244245
12302380 103548
12302380 1811419
14113799 25220
14139019 2124667
16263686 2983306
19246992 2061484
21308476 223154
21531630 77808
21609438 1210335
22819773 998473
23818246 1401131
25219377 2126086
27345463 1560962
28906425 1259736
30166161 607677
30773838 2524775
33298613 392999
33691612 1009735
34701347 744039
35445386 964035
36409421 1326688
37736109 429246
38165355 367630
38532985 135512
38668497 6896617
45565114 379260
45944374 185250
46129624 513011
46642635 806086
47448721 131853
47580574 673650
48254224 146636
48400860 1189754
49590614 3405912
52996526 511584
53508110 105809
53613919 1117772
54731691 2246167
56977858 195265
57173123 1703991
58877114 5633845
64510959 532886
65043845 849677
65893522 2246752
68140274 612964
68753238 1607842
70361080 1163027
71524107 1562945
73087052 374807
73461859 3397654
76859513 208460
77067973 5578699
82646672 3146624
85793296 50583
85843879 5997581
91841460 637788
92479248 2566336
95045584 3522706
98568290 5608713
104177003 463774
104640777 1981350
106622127 2729560
109351687 785044
110136731 601750
110738481 1012065
111750546 854611
112605157 3487066
116092223 547749
116639972 5323476
121963448 1620670
123584118 4102286
127686404 314917
128001321 843749
128845070 877910
129722980 113159
129836139 391000
130227139 179849
130406988 826842
131233830 993232
132227062 653887
132880949 729942
133610891 205516
133816407 401320
134217727 435574
134653301 1565124
136218425 801873
137020298 939746
137960044 1292610
139252654 726652
139979306 61106
140040412 1071581
141111993 1983885
143095878 945635
144041513 1953943
145995456 2531003
148526459 5575211
154101670 7621485
161723155 159938
161883093 920190
162803283 4698145
167501428 215962
167717390 904809
168622199 2532180
171154379 3972508
175126887 6640682
181767569 2166837
183934406 557627
184492033 6012343
190504376 1218827
191723203 641516
192364719 4759582
197124301 1782130
198906431 2306710
201213141 113450
201326591 3547438
204874029 298704
205172733 710926
205883659 6001760
211885419 54955
211940374 1163497
213103871 1183929
214287800 12405928
226693728 6294233
232987961 1108941
234096902 675695
234772597 108426
234881023 2204585
237085608 1382510
238468118 480073
238948191 2043451
240991642 20842
241012484 609321
241621805 2618310
244240115 4784240
249024355 498720
249523075 2087883
251610958 47281
251658239 1692818
253351057 20099
253371156 1788142
255159298 353279
255512577 784418
256296995 376914
256673909 440659
257114568 2932279
260046847 2519477
262566324 589868
263156192 1084959
264241151 2097152
266338303 227387
266338303 1048576
267386879 524288
267911167 262144
268173311 131072
268304383 65536
268369919 32768
268402687 16384
268419071 8192
268427263 4096
268431359 2048
268433407 1024
268434431 512
268434943 256
268435199 128
268435327 64
268435391 32
268435423 16
268435439 8
268435447 4
268435451 2
268435453 1
268435454 1205040
269640494 1452301
271092795 5912438
277005233 270207
277275440 1203811
278479251 3034089
281513340 1281488
282794828 820384
283615212 851710
284466922 2313314
286780236 1611904
288392140 850431
289242571 57482
289300053 707695
290007748 546663
290554411 616989
291171400 135434
291306834 103513
291410347 2535972
293946319 5189719
299136038 356769
299492807 160076
299652883 657353
300310236 5163750
305473986 496763
305970749 2205158
308175907 2180401
310356308 1456986
311813294 1303138
313116432 354859
313471291 2092036
315563327 5094959
320658286 1344080
322002366 553945
322556311 668110
323224421 65140
323289561 194128
323483689 1852717
325336406 1208044
326544450 5961245
332505695 372198
332877893 2666426
335544319 183245
335727564 1245393
336972957 804534
337777491 318466
338095957 77539
338173496 206462
338379958 811058
339191016 2677650
341868666 1755981
343624647 2083692
345708339 1235006
346943345 2629314
349572659 886242
350458901 1499105
351958006 1062862
353020868 2338445
355359313 1607064
356966377 1398873
358365250 3174609
361539859 58817
361598676 2301086
363899762 972557
364872319 317654
365189973 1029765
366219738 304893
366524631 140947
366665578 2433173
369098751 354552
369453303 1291285
370744588 1150486
371895074 4892193
376787267 407026
377194293 592788
377787081 789574
378576655 363860
378940515 6935452
385875967 882174
386758141 685049
387443190 3350618
390793808 1679938
392473746 1790829
394264575 2111490
396376065 11654
396387719 848612
397236331 1222548
398458879 1424207
398458879 2097152
400556031 244494
400556031 1048576
401604607 227909
401604607 524288
402128895 262144
402391039 131072
402522111 65536
402587647 32768
402620415 16384
402636799 8192
402644991 4096
402649087 2048
402651135 1024
402652159 512
402652671 256
402652927 128
402653055 64
402653119 32
402653151 16
402653167 8
402653175 4
402653179 2
402653181 1
402653182 816830
403470012 718140
404188152 93428
404281580 251961
404533541 439299
404972840 675270
405648110 16670
405664780 2612726
408277506 28585
408306091 5940397
414246488 74251
414320739 350779
414671518 1520031
416191549 1143489
417335038 1033475
418368513 322853
418691366 5397360
424088726 2331276
426420002 3374760
429794762 6412853
436207615 1423641
437631256 386836
438018092 1702937
439721029 1009004
440730033 3010565
443740598 520569
444261167 1553544
445814711 13997
445828708 1820377
447649085 1489507
449138592 1587283
450725875 797482
451523357 681415
452204772 133021
452337793 647038
452984831 1190793
454175624 2044984
456220608 1037785
457258393 1159455
458417848 222125
458639973 1672781
460312754 1060685
461373439 213935
461587374 1401032
462988406 431696
463420102 2147641
465567743 814503
466382246 947044
465567743 2097152
467664895 660341
467664895 1048576
468713471 524288
469237759 262144
469499903 131072
469630975 65536
469696511 7292
469696511 32768
469729279 16384
469745663 8192
469753855 4096
469757951 2048
469759999 1024
469761023 512
469761535 256
469761791 128
469761919 64
469761983 32
469762015 16
469762031 8
469762039 4
469762043 2
469762045 1
469762046 999366
470761412 6646810
477408222 6959065
484367287 2171976
486539263 3422160
489961423 385593
490347016 4014065
494361081 438317
494799398 23693
494823091 104780
494927871 3442108
498369979 620181
498990160 132015
499122175 1510418
499122175 2097152
501219327 1048576
502267903 524288
502792191 262144
503054335 131072
503185407 65536
503250943 32768
503283711 16384
503300095 8192
503308287 4096
503312383 2048
503314431 1024
503315455 512
503315967 256
503316223 128
503316351 64
503316415 32
503316447 16
503316463 8
503316471 4
503316475 2
503316477 1
503316478 517914
503834392 1107207
504941599 2668872
507610471 162055
507772526 695378
508467904 543209
509011113 2469253
511480366 224721
511705087 681824
512386911 166466
512553377 3346014
515899391 621781
516521172 937688
517458860 86222
515899391 2097152
517996543 419916
517996543 1048576
519045119 118435
519045119 524288
519569407 262144
519831551 131072
519962623 65536
520028159 32768
520060927 16384
520077311 8192
520085503 4096
520089599 2048
520091647 1024
520092671 512
520093183 256
520093439 128
520093567 64
520093631 32
520093663 16
520093679 8
520093687 4
520093691 2
520093693 1
520093694 3356885
523450579 837420
524287999 1311714
525599713 524704
524287999 2097152
526385151 1048576
527433727 524288
527958015 262144
528220159 131072
528351231 65536
528416767 32768
528449535 16384
528465919 8192
528474111 4096
528478207 2048
528480255 1024
528481279 512
528481791 256
528482047 128
528482175 64
528482239 32
528482271 16
528482287 8
528482295 4
528482299 2
528482301 1
528482302 2097153
530579455 797568
530579455 1048576
531628031 524288
532152319 262144
532414463 131072
532545535 65536
532611071 32768
532643839 16384
532660223 8192
532668415 4096
532672511 2048
532674559 1024
532675583 512
532676095 256
532676351 128
532676479 64
532676543 32
532676575 16
532676591 8
532676599 4
532676603 2
532676605 1
532676606 62123
531628031 2097152
533725183 524288
534249471 262144
534511615 131072
534642687 65536
534708223 32768
534740991 16384
534757375 8192
534765567 4096
534769663 2048
534771711 1024
534772735 512
534773247 256
534773503 128
534773631 64
534773695 32
534773727 16
534773743 8
534773751 4
534773755 2
534773757 1
534249471 1048576
535298047 262144
535560191 131072
535691263 65536
535756799 32768
535789567 16384
535805951 8192
535814143 4096
535818239 2048
535820287 1024
535821311 512
535821823 256
535822079 128
535822207 64
535822271 32
535822303 16
535822319 8
535822327 4
535822331 2
535822333 1
535560191 524288
536084479 131072
536215551 65536
536281087 32768
536313855 16384
536330239 8192
536338431 4096
536342527 2048
536344575 1024
536345599 512
536346111 256
536346367 128
536346495 64
536346559 32
536346591 16
536346607 8
536346615 4
536346619 2
536346621 1
536215551 262144
536477695 65536
536543231 32768
536575999 16384
536592383 8192
536600575 4096
536604671 2048
536606719 1024
536607743 512
536608255 256
536608511 128
536608639 64
536608703 32
536608735 16
536608751 8
536608759 4
536608763 2
536608765 1
536543231 131072
536674303 32768
536707071 16384
536723455 8192
536731647 4096
536735743 2048
536737791 1024
536738815 512
536739327 256
536739583 128
536739711 64
536739775 32
536739807 16
536739823 8
536739831 4
536739835 2
536739837 1
536707071 65536
536772607 16384
536788991 8192
536797183 4096
536801279 2048
536803327 1024
536804351 512
536804863 256
536805119 128
536805247 64
536805311 32
536805343 16
536805359 8
536805367 4
536805371 2
536805373 1
536788991 32768
536821759 8192
536829951 4096
536834047 2048
536836095 1024
536837119 512
536837631 256
536837887 128
536838015 64
536838079 32
536838111 16
536838127 8
536838135 4
536838139 2
536838141 1
536829951 16384
536846335 4096
536850431 2048
536852479 1024
536853503 512
536854015 256
536854271 128
536854399 64
536854463 32
536854495 16
536854511 8
536854519 4
536854523 2
536854525 1
536850431 8192
536858623 2048
536860671 1024
536861695 512
536862207 256
536862463 128
536862591 64
536862655 32
536862687 16
536862703 8
536862711 4
536862715 2
536862717 1
536862655 2112
536864767 1024
536865791 512
536866303 256
536866559 128
536866687 64
536866751 32
536866783 16
536866799 8
536866807 4
536866811 2
536866813 1
536865791 2048
536867839 512
536868351 256
536868607 128
536868735 64
536868799 32
536868831 16
536868847 8
536868855 4
536868859 2
536868861 1
536868351 1024
536869375 256
536869631 128
536869759 64
536869823 32
536869855 16
536869871 8
536869879 4
536869883 2
536869885 1
536869631 512
536870143 128
536870271 64
536870335 32
536870367 16
536870383 8
536870391 4
536870395 2
536870397 1
536870398 129
536870527 64
536870591 32
536870623 16
536870639 8
536870647 4
536870651 2
536870653 1
536870654 65
536870719 32
536870751 16
536870767 8
536870775 4
536870779 2
536870781 1
536870751 64
536870815 16
536870831 8
536870839 4
536870843 2
536870845 1
536870845 18
536870863 8
536870871 4
536870875 2
536870877 1
536870878 9
536870887 4
536870891 2
536870893 1
536870893 6
536870899 2
536870901 1
536870902 3
536870905 1
536870906 2
536870908 11516
536882424 2264829
539147253 1145851
540293104 2397893
542690997 1724902
544415899 232107
544648006 3111447
547759453 2316098
550075551 3335867
553411418 3213791
556625209 662876
557288085 705508
557993593 430522
558424115 1132060
559556175 2205375
561761550 1914400
563675950 2407609
566083559 64192
566147751 2535582
568683333 592649
569275982 1923890
571199872 2288952
573488824 573328
574062152 1010533
575072685 278328
575351013 1244435
576595448 4270839
580866287 7346
580873633 368229
581241862 474888
581716750 2249606
583966356 395328
584361684 4511047
588872731 1289244
590161975 1238534
591400509 71724
591472233 5019210
596491443 3592256
600083699 218725
600302424 199570
600501994 4920841
605422835 512927
605935762 2590407
608526169 1715950
610242119 74413
610316532 758001
611074533 161591
611236124 1758039
612994163 1138490
614132653 1693027
615825680 526544
616352224 872471
617224695 2227340
619452035 46973
619499008 2279562
621778570 954337
622732907 952278
623685185 3650406
627335591 882952
628218543 1396930
629615473 255570
629871043 1230127
631101170 986715
632087885 564174
632652059 186636
632838695 111444
632950139 452362
633402501 1285847
634688348 1654986
636343334 33247
636376581 2230850
638607431 936298
639543729 30847
639574576 4415838
643990414 1032214
645022628 784407
645807035 2647174
648454209 552791
649007000 594393
649601393 656160
650257553 235891
650493444 3269206
653762650 1721438
655484088 1821913
657306001 2543276
659849277 1358725
661208002 2460115
663668117 1334597
665002714 852650
665855364 2721235
668576599 285649
668862248 2999811
671862059 996415
672858474 743916
673602390 110783
673713173 563780
674276953 684901
674961854 3836831
678798685 854020
679652705 598013
680250718 694243
680944961 119184
681064145 612304
681676449 1949655
683626104 2235548
685861652 332536
686194188 3080694
689274882 2095365
691370247 3247961
694618208 2818971
697437179 744521
698181700 41664
698223364 3706662
701930026 1919757
703849783 3968296
707818079 3309969
711128048 651226
711779274 97811
711877085 4911706
716788791 3985686
720774477 148107
720922584 676194
721598778 1603675
723202453 1495322
724697775 1173513
725871288 2193975
728065263 1307586
729372849 1814022
731186871 1085871
732272742 1879817
734152559 6442694
740595253 882954
741478207 3382516
744860723 448399
745309122 1123068
746432190 425477
746857667 841614
747699281 1843818
749543099 589982
750133081 4579284
754712365 4369685
759082050 6194429
765276479 1178710
766455189 335503
766790692 1601923
768392615 452508
768845123 578953
769424076 607767
770031843 118832
770150675 1268914
771419589 411717
771831306 1597015
773428321 2929400
776357721 5461589
781819310 3652343
785471653 2370494
787842147 1544049
789386196 3072087
792458283 3454845
795913128 878343
796791471 3466451
800257922 241317
800499239 2675140
803174379 5761733
808936112 3337704
812273816 1737519
814011335 132191
814143526 1947099
816090625 1708232
817798857 7685150
825484007 3738255
829222262 2180350
831402612 1010931
832413543 1344474
833758017 791376
834549393 1866049
836415442 1185318
837600760 2414436
840015196 318601
840333797 4708471
845042268 316730
845358998 866440
846225438 308821
846534259 2706287
849240546 810706
850051252 856276
850907528 1495223
852402751 1536299
853939050 5693636
859632686 336560
859969246 270734
860239980 1924950
862164930 197229
862362159 719761
863081920 2408798
865490718 222047
865712765 557694
866270459 482306
866752765 2725779
869478544 458364
869936908 1417508
871354416 42278
871396694 74506
871471200 1541941
873013141 177019
873190160 3853811
877043971 2829976
879873947 85437
879959384 4265679
884225063 77035
884302098 4698628
889000726 3931484
892932210 1000359
893932569 1006674
894939243 66328
895005571 2837964
897843535 24760
897868295 275352
898143647 254718
898398365 827215
899225580 1081578
900307158 3284785
903591943 2475375
906067318 109855
906177173 6279790
912456963 193724
912650687 2500110
915150797 1762968
916913765 543792
917457557 833923
918291480 332437
918623917 929193
919553110 667733
920220843 1029348
921250191 2852325
924102516 412934
924515450 546556
925062006 143440
925205446 45790
925251236 909682
926160918 1259537
927420455 1932339
929352794 1401558
930754352 1016296
931770648 285899
932056547 1982365
934038912 493508
934532420 2594038
937126458 6491606
943618064 57833
943675897 861814
944537711 331744
944869455 525772
945395227 469644
945864871 2850634
948715505 1436778
950152283 1759568
951911851 865976
952777827 315803
953093630 2142823
955236453 76062
955312515 7369149
962681664 99292
962780956 468716
963249672 813931
964063603 1954902
966018505 4224572
970243077 636185
970879262 530653
971409915 4426414
975836329 4580973
980417302 2841149
983258451 229804
983488255 1496565
984984820 3025825
988010645 489377
988500022 151097
988651119 371050
989022169 717087
989739256 124368
989863624 2117918
991981542 2126729
994108271 1655433
995763704 1684044
