2761
1 1
2 1
2 2
4 2
6 1
4 4
8 1
8 2
10 1
10 3
13 1
14 1
8 8
16 2
16 3
19 1
20 2
22 1
22 4
19 10
29 1
29 2
16 16
32 1
33 2
33 3
33 4
37 1
38 1
38 2
40 1
38 4
42 1
33 11
44 1
44 2
46 1
47 1
44 6
32 19
51 3
54 2
54 3
51 7
58 2
58 3
58 4
62 1
32 32
64 1
65 1
66 2
65 4
64 9
73 4
73 9
73 13
86 2
86 6
86 11
97 1
97 7
104 1
104 4
98 11
108 6
114 3
86 33
119 2
64 58
122 1
122 3
125 1
64 64
128 1
129 11
140 2
122 29
151 2
153 1
154 1
151 6
151 7
158 10
158 11
169 1
170 3
170 8
128 51
179 1
180 4
180 6
180 10
190 10
200 2
202 1
170 37
179 29
179 33
212 3
215 1
215 13
228 3
169 64
233 2
235 1
208 29
237 3
237 7
244 2
244 6
179 73
252 1
128 128
256 1
256 6
262 15
262 16
262 18
262 20
282 4
280 7
287 8
287 15
208 97
305 2
305 8
313 1
305 10
315 9
324 7
324 10
262 77
339 6
339 9
256 97
353 3
353 4
179 179
358 8
358 13
358 14
372 11
372 20
358 37
395 2
395 4
358 44
402 4
406 1
407 1
408 10
399 30
429 3
429 10
399 50
397 57
454 2
449 9
402 58
460 16
358 119
477 2
479 3
477 15
492 3
477 19
256 256
512 3
515 7
515 11
526 2
522 9
515 18
533 20
533 32
565 3
533 37
533 44
512 73
585 16
585 18
577 32
609 9
585 38
623 18
526 119
585 62
647 1
533 122
655 10
655 13
515 158
673 3
673 4
677 10
515 180
695 7
702 3
677 46
512 212
724 1
724 4
695 50
724 29
673 98
512 262
774 4
771 29
800 15
815 3
774 50
824 7
831 6
831 9
840 3
843 8
851 29
851 40
774 122
896 3
899 4
899 20
896 33
929 9
774 170
944 3
944 8
944 30
896 86
944 65
982 29
1011 8
512 512
1024 1
1024 3
1027 14
1024 18
1042 1
1042 2
1044 11
1042 23
1011 65
1076 9
1085 4
1076 14
929 170
1099 6
1105 1
1042 65
1106 6
1107 11
1105 14
1024 97
1121 2
1042 82
1124 9
1133 26
1024 151
1133 54
1107 104
1211 2
1211 7
1218 7
1175 54
1213 65
1278 2
1229 54
1283 4
1283 7
1175 122
1229 73
1302 3
1305 2
1297 22
1042 282
1324 20
1324 31
1297 73
1324 58
1042 358
1400 6
1406 6
1412 8
1406 18
1424 1
1400 32
1400 38
1438 1
1439 1
1438 11
1449 22
1471 9
1471 15
1440 57
1497 6
1497 8
1438 69
1507 4
1511 7
1400 119
1518 6
1519 7
1519 31
1550 1
1519 38
1557 4
1526 36
1562 6
1562 15
1518 62
1580 4
1562 43
1605 2
1511 97
1580 45
1550 82
1632 3
1632 15
1632 36
1632 39
1439 235
1511 169
1680 7
1680 11
1680 16
1696 26
1722 3
1680 56
1736 6
1438 305
1743 3
1400 358
1743 50
1793 4
1793 20
1793 35
1793 37
1830 6
1830 8
1838 10
1838 11
1849 1
1849 3
1324 533
1107 771
1432 460
1680 237
1857 62
1024 896
1920 2
1920 16
1922 35
1957 8
1920 46
1936 35
1936 58
1994 7
2001 3
1920 97
2017 13
2030 13
1024 1024
1175 899
2074 2
2074 4
2074 14
2088 4
2092 14
2092 19
2048 64
2112 6
2048 73
2121 1
2122 11
2112 30
2142 4
2118 44
2162 7
2121 58
2121 65
2186 4
2190 8
2074 140
2190 30
2220 43
2220 62
2282 20
2302 2
2186 121
2307 2
2309 1
2307 9
2307 33
2316 41
2357 7
2316 66
2307 88
2048 358
2406 1
2407 4
2411 29
1438 1024
2462 19
2481 8
2118 372
2462 40
2502 19
2521 14
2190 353
2543 9
2552 2
2552 42
2406 190
2596 1
2597 10
1438 1175
2406 208
2614 35
1758 896
2654 2
2656 13
2654 29
2654 50
2683 26
2709 3
2654 65
2719 2
2656 69
2614 125
1400 1370
2048 724
2739 58
2772 31
2803 6
2803 15
2048 774
2822 10
2832 8
2803 43
2822 33
2855 10
2865 16
2770 126
2818 97
2654 262
2916 4
2916 11
2927 1
2927 4
2931 50
2981 18
2822 179
3001 3
3004 1
3001 26
3001 29
2928 114
3042 11
3042 18
3060 16
3042 39
3042 44
3086 38
3086 45
3001 153
3030 169
3199 26
3225 39
3199 73
3272 3
3199 98
3297 3
3300 6
3300 8
3308 6
3297 26
3323 1
3323 9
3030 315
3030 339
3369 9
3369 16
3369 33
3385 29
3385 64
2822 655
3477 4
3481 16
3481 39
3520 6
3369 179
3548 15
3563 31
3369 228
2502 1107
3609 38
3647 1
3648 29
3345 397
3369 392
3369 402
3771 3
3774 1
3771 6
3771 30
3771 31
3802 29
3761 104
2855 1024
3879 9
3888 26
3914 3
3917 7
3888 46
3934 45
3771 233
3030 982
4012 13
4012 18
4030 7
4025 20
4045 8
2048 2048
4045 56
4096 29
4125 43
4125 48
2822 1406
4228 3
4228 4
2770 1518
4228 73
3199 1175
4374 15
4389 6
4374 97
3761 778
4471 92
4539 58
4539 98
4374 315
4689 29
3761 1121
4539 392
4931 3
4882 62
4882 114
2822 2190
5012 9
5012 33
5012 58
4944 129
5073 10
5083 19
5102 2
5073 62
5021 155
5176 23
5012 207
3879 1370
5249 2
4096 1175
5271 14
5271 39
5271 42
5313 19
5313 20
5271 69
5271 92
5363 77
5363 122
5485 14
5485 20
5505 15
5363 190
5363 208
5553 30
5571 26
4096 1519
5597 42
3030 2739
5769 1
5615 157
5772 7
5772 97
5869 1
5615 256
5871 13
5871 16
5871 29
5871 31
5902 1
5900 30
5903 54
5903 56
5959 16
5957 19
5959 104
5615 477
6092 77
6092 109
6201 1
6169 122
6169 313
6482 57
6539 48
5902 695
4882 1793
4096 2614
6710 105
6597 244
6201 645
6846 3
6202 771
6973 54
6710 399
6675 439
7109 16
7114 60
7125 77
7125 153
6482 831
7027 358
6710 677
7387 44
7431 32
5959 1519
7478 65
7478 86
7564 16
7564 37
7601 13
7564 121
7478 257
7601 151
3879 3879
7758 65
7823 46
6710 1175
7885 46
6597 1432
8029 15
8029 16
4096 4096
8192 22
8192 57
8249 9
8192 98
8192 151
8343 123
8466 1
8466 13
8466 30
8290 231
8343 315
7564 1229
8249 568
8343 515
5900 3001
8901 15
4944 4004
8901 68
8258 774
8858 252
8343 774
9117 8
9117 10
9117 86
8192 1042
9203 48
9234 117
5615 3771
8858 577
9351 98
9386 179
9234 353
9587 23
9610 7
9610 295
9587 454
9587 460
10047 29
10047 60
10107 37
8916 1290
10206 54
10047 246
10047 392
10439 9
9234 1324
10558 129
10687 46
10733 37
10733 282
10558 585
8192 3001
11143 157
11300 13
11193 153
11193 190
11193 252
11445 108
9110 2654
11553 402
6710 5285
11995 16
11346 677
12011 121
11193 1175
7109 5271
11445 944
12389 129
12518 208
12518 278
12518 357
12875 15
12890 43
11445 1507
12952 43
12995 88
12890 236
12952 253
11193 2121
13314 54
13368 40
13314 154
13468 22
9234 4374
13368 252
9386 4288
13314 460
13468 358
12132 1736
13868 16
13774 348
13868 277
13314 899
13884 432
13314 1297
14611 66
14677 31
14677 154
14677 231
14677 244
14921 29
14921 105
13314 2186
15500 26
15526 9
15500 62
15562 208
15562 237
15799 170
15535 439
15562 479
15969 104
16073 109
8192 8192
16384 1
11383 5073
14677 1920
15500 1439
8858 8192
17050 114
16384 929
17313 54
13468 4030
16073 1505
16597 1105
17578 253
16597 1287
16385 1580
17965 179
11143 7109
16384 1920
18304 104
18304 184
17050 1518
14213 4471
18684 240
18924 62
17578 1424
18252 753
19002 62
16384 2772
16384 2822
19206 40
19246 228
19206 496
19702 2
19702 348
20050 61
20111 1
18408 1852
17831 2597
15562 4944
19206 1438
15526 5249
19702 1107
18304 2614
20918 37
20918 449
19206 2596
19206 2772
20050 2316
20918 1507
22425 43
22425 58
21367 1736
23103 61
21367 1878
15500 8192
23692 215
23907 108
24015 8
23907 186
24093 15
22425 1857
24093 236
19206 5271
24477 37
24477 458
24935 57
24935 126
25061 184
16073 9351
25424 1105
25061 1580
26641 9
24935 1892
24477 2654
26827 357
16073 11445
19206 8343
27518 512
28030 33
28030 200
27549 800
28349 372
28349 647
26827 2186
29013 36
29013 178
28349 1229
29578 31
29609 456
27549 2654
19206 11193
30399 231
30630 774
28996 2614
30399 1449
24935 7735
16384 16384
32768 6
20955 11995
32768 305
33073 371
32768 1283
33444 840
33444 1344
34788 246
32950 2382
35034 479
35513 383
31404 5285
33444 3477
33073 3865
36938 200
36921 929
36938 1009
37947 236
33073 5313
38386 1076
32768 6710
39478 153
39631 253
39478 673
40151 117
40151 186
40151 395
39478 1124
40602 14
40546 944
32768 8858
41626 123
41490 282
41626 151
41626 280
40616 1440
41906 155
41906 1133
25061 18408
43039 454
43493 169
43662 31
41626 2074
43700 37
41626 2916
44542 155
44542 257
44697 454
40616 5363
41626 5871
41626 6092
47718 140
30203 17831
40546 8192
48738 231
48738 1557
41777 9117
47858 3053
47718 4004
51722 533
51722 603
51722 851
50911 1892
44799 8045
41626 11445
53071 313
53071 695
40616 14611
55227 64
55227 1283
53766 2855
53766 3414
56621 1123
57744 495
56621 2198
57744 1550
56510 3597
60107 48
32768 27549
40546 20644
37850 23692
60107 1674
60317 1793
60317 2543
62860 1424
60317 4012
64329 45
40616 23907
64329 655
32768 32768
64523 2916
65536 2406
67942 408
42061 26827
65536 3369
68905 938
68905 1121
61542 9351
70026 880
70906 18
39631 31610
39462 32950
70924 1848
64374 9234
65536 9234
74770 235
75005 843
75848 1090
75848 1213
61542 15969
62110 15500
77610 18
74770 3030
77800 476
77800 1011
77800 1400
79200 522
41626 38183
79200 1680
79200 2017
81217 105
64374 17164
81217 372
81589 891
82480 23
81589 1857
83446 41
83446 492
83938 665
65536 19156
84692 418
84692 1370
86062 2
86062 2088
88150 2214
83487 9435
56621 36921
86062 8466
94528 609
94528 645
86062 9117
95137 1691
77800 20955
98755 26
95179 3761
84692 14611
99303 623
99303 831
100134 745
99303 2307
101610 648
101610 771
84692 20644
105336 60
102381 3297
105678 1355
102381 4944
105336 2596
107325 1838
109163 2502
105678 6169
102381 13368
115749 39
115749 439
62860 53766
116626 1319
102381 17050
101610 18408
83446 36921
120367 302
120669 705
120018 5073
84692 40546
84692 40602
125294 974
126268 1605
83938 44542
65536 65536
131072 753
131072 2614
133686 2704
133686 3345
125294 13314
138608 778
133686 5769
139455 818
139455 1065
133686 7758
141444 1440
142884 203
133686 9587
136390 7823
143273 1511
144784 3086
144784 4882
149666 1625
149666 2481
149666 5219
154885 577
155462 1584
143273 14213
157486 2340
157486 4228
161714 1557
163271 345
161714 5012
166726 35
166726 48
166726 277
167003 1187
168190 1159
166726 3888
166726 4471
157486 14677
133686 39478
173164 1027
174191 5485
125238 56510
173164 12952
186116 3402
186116 5363
191479 947
191479 1722
191479 2030
193509 676
155462 40546
191479 5884
197363 173
191479 7543
131072 68905
199977 3526
199977 6201
199977 7387
131072 77800
208872 824
209696 3802
179676 34051
213498 553
209696 6841
216537 1830
218367 1503
218367 2162
218367 3914
222281 702
218367 5870
209696 14908
224604 429
225033 4037
229070 1307
225033 6291
231324 668
231992 168
209696 25061
234757 952
209696 29578
239274 407
239681 528
239274 8258
247532 1848
209696 40616
208872 41626
239274 13774
250498 5900
256398 1742
250498 8045
258140 526
250498 9127
259625 47
259625 1432
261057 553
131072 131072
262144 366
262144 1524
262144 1758
263902 26
263902 358
263902 1671
239274 27518
266792 38
263902 5772
269674 851
270525 1290
269674 2462
272136 2263
274399 3775
272136 6675
278811 1225
262144 18304
280448 31
262144 19206
281350 458
281350 2076
281350 2552
281350 3777
271815 14213
285127 2594
287721 32
281350 7109
288459 287
288459 4025
281350 13314
294664 2709
294664 3042
294664 3771
298435 2088
298435 3314
298435 7885
306320 324
306644 1971
297706 11015
298435 10558
308993 2162
281350 30399
311749 2220
313969 1797
313969 10448
313969 10733
311749 15799
327548 565
328113 1917
324702 5884
266792 65536
328113 4288
332401 4125
332401 5102
337503 2169
332401 7564
327548 13205
340753 3548
344301 5553
344301 6849
344301 7580
344301 8467
344301 8793
353094 1607
344301 10770
355071 531
355602 2481
311749 47718
359467 1107
360574 1562
362136 2106
360574 6597
367171 432
367603 2364
367171 3449
370620 728
370620 1668
372288 3924
360574 16073
359467 17313
376780 1919
376780 4563
381343 1743
381343 2881
381343 3917
376780 9351
386131 1412
376780 11143
387923 1828
311749 79200
390949 2797
393746 1813
297373 98940
393746 2809
352768 44697
393746 3742
397488 2927
400415 725
400415 1561
390949 13774
404723 22
281808 125091
404745 3131
404723 3597
408320 68
408388 1691
408320 4030
408320 8521
404723 12389
416841 2928
419769 570
408320 12796
421116 2395
423511 2920
419769 7114
423511 3647
423511 5869
429380 1687
429380 2146
429380 3324
432704 2122
390949 44542
435491 2818
438309 778
439087 1635
438309 2915
390949 53071
344301 100879
444020 2502
444020 2613
446633 2656
449289 1106
449289 1302
446633 5285
451918 142
451918 2118
390949 64329
455278 3609
455278 5902
449289 12518
455278 7387
461807 1344
463151 65
461180 3060
461180 5887
461180 8496
444020 28030
461180 12875
474055 687
474742 1957
474055 3934
461180 16939
478119 3520
477989 5770
461180 23103
484283 3154
487437 1551
487437 2597
429380 64374
493754 3
455278 39631
494909 1175
494909 2198
494909 2931
490034 11015
497840 8029
505869 725
505869 1305
497840 14921
512761 2554
512761 6202
494909 26827
438309 84692
262144 262144
512761 12875
524288 2142
524288 2927
444020 83938
527958 645
527215 5597
532812 4718
527215 13468
540683 39
540722 1647
524288 20918
545206 1406
546612 687
546612 1919
545206 3879
549085 4045
553130 5930
553130 8948
562078 1076
545206 20918
566124 1025
545206 23692
566124 3297
569421 1425
568898 2190
569421 1828
571249 5520
571249 8817
568898 11383
580281 1518
581799 1505
580281 5903
586184 479
586184 5333
591517 568
591517 4389
595906 1725
580281 21367
580281 27131
601648 6846
607412 1608
607412 2725
610137 2382
612519 1085
613604 2357
568898 47497
616395 2596
618991 1099
620090 3323
623413 3264
620090 12518
632608 3306
635914 449
635914 903
635914 2521
638435 331
553130 86062
620090 24015
644105 1218
644105 4101
648206 1850
648206 1922
639192 12380
648206 3563
651769 1550
524288 133686
657974 142
657974 2316
657974 2739
660713 2407
660290 3597
638435 27184
657974 12011
660713 11995
672708 250
672708 2179
674887 1019
674887 3308
674887 3597
657974 20644
678618 2803
681421 601
678618 4996
681421 2282
683703 1044
684747 1420
681421 5249
678618 8290
686908 2190
689098 1966
691064 4053
657974 40151
698125 815
698940 618
698940 2607
698940 7202
698125 9610
683703 24108
698125 10687
708812 2112
708812 3742
710924 5135
547299 170614
716059 2092
717913 1112
716059 3385
698125 23907
722032 482
707735 15500
723235 295
723530 2133
723235 5070
728305 3594
731899 837
731899 3225
735124 2832
723235 15770
722032 24093
393746 355602
749348 603
749951 202
746125 8479
754604 2411
746125 12132
545206 213498
758704 1118
735124 27131
757015 6202
758704 7313
766017 334
758704 9032
746125 21978
768103 3979
768103 5440
524288 250498
774786 5615
772082 10293
780401 3774
784175 1480
780401 11346
780401 12389
792790 4168
524288 280448
524288 281350
805638 3275
766351 43039
805638 5571
811209 286
811209 406
811209 8214
805638 15535
805638 17578
780401 43469
805638 19702
825340 9449
825340 10439
835779 1852
805638 33073
838711 1696
838711 2981
841692 2112
838711 5249
838711 5340
844051 43
838711 5959
844670 216
838711 8658
847369 1211
847369 2770
850139 397
850536 1119
850139 7174
857313 2669
859982 157
580066 280448
850536 11764
850536 16597
850536 19246
869782 1287
871069 1440
686670 189518
869782 7823
877605 2304
850536 33444
883980 5045
883980 8045
892025 8916
900941 2092
892025 12368
650128 266792
805638 125238
872509 70026
930876 13674
944550 14
944550 3124
947674 5975
944550 10107
954657 11445
930876 41777
972653 609
972653 1302
973955 1497
930876 44799
975675 3648
930876 51722
982598 5505
975452 14908
990360 5310
982598 14831
982598 15969
998567 4395
998567 5083
998567 8249
1006816 4231
1006816 4374
1011190 9203
1020393 3076
930876 95179
1026055 723
930876 99303
1030179 7463
1030179 7869
1038048 356
1038404 1041
1038048 2078
1030179 18684
1048863 11143
1030179 30630
1030179 33073
608494 464240
1063252 12726
1075978 10206
1060809 27518
1088327 479
1088806 50
1088806 1280
1090086 5499
1095585 4597
1030179 75005
1105184 2440
1107624 2712
1030179 83446
805638 311749
1117387 2719
1120106 4301
1117387 15526
1117387 28349
1145736 4689
1150425 2535
1150425 3081
1150425 13490
1150425 13868
1164293 3027
1145736 24108
1167320 5271
1117387 55227
1117387 56621
1174008 9110
1174008 12011
1174008 17164
1191172 1278
1192450 2111
1194561 2649
1197210 9125
1192450 16182
1208632 1836
1117387 101610
1218997 2896
1221893 1632
1218997 5251
1224248 2846
1011190 231324
1227094 20112
1247206 63
1218997 38386
1257383 10047
1267430 2683
1257383 20050
1277433 3481
1280914 105
1281019 1055
1280914 1382
1282296 3005
1282296 5176
834789 462665
1280914 18924
1299838 2302
1299838 6973
1306811 1471
1308282 5639
1277433 37138
1314571 6482
1277433 47858
1325291 2490
1313921 14708
1325291 13608
1338899 10144
1338899 17702
1338899 18568
1338899 20775
1359674 1043
1359674 2489
1325291 37947
848580 527215
1375795 314
1257383 119431
1376814 2704
1376814 5553
1382367 1355
1376814 12380
1389194 456
1389194 3378
1389194 5021
1394215 4173
1117387 294664
1412051 4996
1412051 15562
1427613 10293
1427613 26641
1454254 3332
1427613 34284
1461897 3004
1461897 17498
1479395 2721
1461897 22425
1484322 2865
1487187 7752
1487187 9251
1427613 69843
1497456 8044
1497456 8901
1506357 3801
1510158 5957
1516115 3801
1497456 24329
1521785 3300
1525085 1577
1526662 12023
1526662 16073
1538685 6846
1545531 641
1521785 25424
1427613 120018
1510158 40602
1547631 7114
1554745 3677
1547631 20809
1568440 6169
1574609 1746
1576355 2840
1412051 173164
1585215 1674
1586889 4931
1585215 7125
1592340 6063
1598403 1965
1547631 64284
1592340 22468
1592340 28230
1620570 5779
1620570 14950
1585215 53766
1638981 1849
1640830 2001
1638981 7278
1638981 11015
1649996 19704
1669700 1089
1638981 39462
1678443 1936
1314571 390949
1620570 86062
1678443 31610
1710053 1526
1711579 2310
1711579 14122
1725701 2004
1638981 100134
1739115 2309
1739115 7027
1746142 5976
1739115 22366
1761481 919
1739115 36921
1638981 139455
1638981 141444
1780425 3481
1783906 3414
1780425 24935
1805360 4934
1805360 7174
1812534 5104
1805360 22483
1827843 19005
1805360 43493
1805360 58819
1864179 13083
1864179 13826
1864179 17965
1805360 79722
1885082 20260
1905342 15974
1885082 50911
1935993 5199
1885082 60107
1945189 12933
1958122 3497
1885082 76938
1885082 79809
1964891 623
1805360 174191
1979551 16385
1979551 43662
2023213 2043
2023213 3053
2026266 22483
1979551 70906
2050457 29049
1979551 105396
2084947 256
1638981 446633
1389650 708812
2085614 18488
2085614 23245
2108859 12995
2108859 16456
2108859 16939
2108859 17578
2126437 3272
2125315 7885
1638981 494909
2133890 15026
2133890 28721
2133890 29191
2163081 6587
2163081 7601
2163081 34051
2197132 25245
1117387 1117387
2234774 9386
2244160 5583
2249743 9905
2249743 30065
2244160 42061
2286221 4232
2290453 11955
2290453 32950
2323403 31404
2286221 81538
2367759 7735
2367759 8969
2234774 143273
2378047 1743
2379790 40268
2379790 61190
2379790 64284
2444074 3831
2447905 307
2379790 83938
2463728 2214
2465942 16041
1882144 601648
2483792 35896
2483792 52803
2481983 107033
2589016 24992
2481983 144213
2626196 9617
2626196 11313
2379790 258140
2637930 20428
2637930 43469
2681399 4539
2379790 306320
2686110 26529
2712639 19064
2686110 64374
2750484 14708
2765192 7931
2773123 6815
2773123 11553
2784676 6539
2791215 52325
2843540 2999
2773123 77511
2379790 474055
2379790 497840
2877630 17367
2877630 17831
2877630 26641
2379790 527215
2907005 10076
2907005 20506
2907005 21802
2928807 30203
2959010 7385
2907005 107325
3014330 18986
3014330 24282
3038612 68350
3014330 100879
3115209 11300
3126509 4637
3115209 50295
3165504 24023
3189527 18144
3014330 253048
3267378 24514
2907005 404745
3311750 13620
3325370 28063
3353433 1568
3353433 9565
3362998 39884
3362998 59294
3311750 116626
2234774 1218997
3453771 31848
3485619 99926
3485619 105678
3591297 1994
3591297 38183
3485619 224604
3710223 1486
3710223 10260
3710223 37850
3710223 43039
3753262 5332
3753262 48969
3802231 13408
3802231 34788
3837019 19002
3802231 72412
3874643 7685
3882328 32670
3485619 446522
3932141 36689
3932141 64523
3996664 70924
4067588 35332
3996664 139386
3485619 672708
4158327 115788
4274115 86064
4274115 120669
2234774 2234774
4469548 52844
4522392 14316
4469548 84692
4554240 27184
4554240 43700
4597940 10041
4607981 41772
4597940 478119
5076059 192426
4554240 804736
5358976 40337
5399313 23164
5358976 74770
5433746 28030
5461776 127873
5433746 208872
5642618 60317
5702935 222281
5925216 14145
5702935 390949
6093884 82503
6093884 163271
6257155 35034
6093884 1412051
7505935 455278
7961213 774786
8735999 444020
9180019 199977
9379996 298435
9678431 81217
9759648 308993
10068641 780401
10849042 67942
10916984 657974
11574958 15500
11590458 1585215
13175673 24477
13200150 545206
13745356 78811
13824167 359467
14183634 568898
14752532 125294
14877826 1427613
16305439 1638981
17944420 209696
18154116 698125
18852241 930876
19783117 1030179
20813296 616395
21429691 327548
21757239 678618
22435857 3453771
25889628 186116
26075744 2378047
28453791 86062
28539853 263902
28803755 1174008
29977763 207364
30185127 157486
30342613 838711
31181324 1026055
32207379 1547631
33755010 847369
34602379 144784
34747163 269674
35016837 850139
35866976 686908
36553884 70026
36623910 580281
37204191 2133890
39338081 259625
39597706 376780
39974486 3199
39977685 2244160
42221845 250312
42472157 191479
42663636 340753
43004389 982598
43986987 387923
44374910 1257383
45632293 549085
46181378 722032
46903410 660713
47564123 48738
47612861 998567
48611428 607412
49218840 689098
49907938 435491
50343429 2085614
52429043 708812
53137855 2379790
55517645 102381
55620026 404723
56024749 461180
56485929 288459
56774388 52255
56826643 451918
57278561 546612
57825173 64984
57890157 3485619
61375776 1376814
62752590 81589
62834179 172163
63006342 1172614
64178956 792790
64971746 601648
65573394 1780425
67353819 975675
68329494 20955
68350449 115749
68466198 681421
69147619 1805360
70952979 618991
71571970 1113625
72685595 710924
73396519 686670
74083189 1145736
75228925 1778436
77007361 98940
77106301 825340
77931641 850536
78782177 746125
79528302 408320
79936622 239274
80175896 1497456
81673352 1439
81674791 261057
81935848 438309
82374157 521736
82895893 285127
83181020 149666
83330686 4597940
87928626 449289
88377915 360574
88738489 620090
89358579 161714
89520293 94528
89614821 1389194
91004015 53384
91057399 4158327
95215726 2907005
98122731 3311750
101434481 393746
101828227 256398
102084625 376647
102461272 1277433
103738705 1006816
104745521 166726
104912247 2108859
107021106 62860
107083966 2877630
109961596 137031
110098627 1105184
111203811 272136
111475947 28996
111504943 610137
112115080 36938
112152018 1132913
113284931 1521785
114806716 1011190
115817906 292484
116110390 1224248
117334638 1739115
119073753 171197
119244950 586184
119831134 126268
119957402 3014330
122971732 80880
123052612 566124
123618736 1120106
124738842 234757
124973599 553130
125526729 1325291
126852020 484283
127336303 512761
127849064 41906
127890970 883980
128774950 1776036
130550986 1124407
131675393 206178
131881571 644105
132525676 142884
132668560 632608
133301168 131825
133432993 154885
133587878 581799
134169677 548531
134718208 328113
135046321 562078
135608399 869782
136478181 844670
137322851 1060809
138383660 7478
138391138 1191172
139582310 247532
139829842 3932141
143761983 138608
143900591 386131
144286722 332401
144619123 367171
144986294 1979551
146965845 1678443
148644288 3710223
152354511 2853845
155208356 225033
155433389 1461897
156895286 1710053
158605339 844051
159449390 1454254
160903644 75848
160979492 1592340
162571832 2686110
165257942 997429
166255371 505869
166761240 821173
167582413 421116
168003529 270525
168274054 2637930
170911984 1484322
172396306 313969
172710275 1363238
174073513 3591297
177664810 768103
178432913 170614
178603527 18252
178621779 441224
179063003 892025
179955028 904393
180859421 416841
181276262 1568440
182844702 623413
183468115 3753262
187221377 199022
187420399 3748073
191168472 2928807
194097279 423511
194520790 1267430
195788220 648206
196436426 487437
196923863 660290
197584153 1221893
198806046 707735
199513781 3629480
203143261 1586889
204730150 1020393
205750543 387543
206138086 972653
207110739 324702
207435441 2750484
210185925 258666
210444591 944550
211389141 3267378
214656519 973955
215630474 2463728
218094202 1169844
219264046 848580
220112626 609020
220721646 2465942
223187588 547299
223734887 1547209
225282096 56510
225338606 477989
225816595 877605
226694200 1885082
228579282 1088327
229667609 2765192
232432801 811209
233244010 1506357
234750367 216537
234966904 62110
235029014 1761481
236790495 1186019
237976514 125091
238101605 458887
238560492 78276
238638768 716059
239354827 1864179
241219006 844886
242063892 844094
242907986 218367
243126353 419769
243546122 1574609
245120731 344301
245465032 105336
245570368 397488
245967856 26650
245994506 1487187
247481693 469676
247951369 109163
248060532 271815
248332347 429380
248761727 719444
249481171 1848853
251330024 900941
252230965 439087
252670052 5399313
258069365 88150
258157515 467067
258624582 1270113
259894695 107932
260002627 2681399
262684026 2927511
265611537 674887
266286424 454036
266740460 179676
266920136 1338899
268259035 1048863
269307898 452060
269759958 116188
269876146 3996664
273872810 330030
274202840 412350
274615190 29013
274644203 1359674
276003877 3115209
279119086 20111
279139197 136390
279275587 819423
280095010 811615
280906625 1827843
282734468 2773123
285507591 1227094
286734685 758257
287492942 723235
288216177 278811
288494988 523001
289017989 2163081
291181070 1964891
293145961 1314571
294460532 2959010
297419542 2197132
299616674 2286221
301902895 266792
302169687 297706
302467393 57744
302525137 1327781
303852918 3428376
307281294 213498
307494792 540683
308035475 147870
308183345 791747
308975092 1554745
310529837 167003
310696840 231324
310928164 1382367
312310531 1479395
313789926 1063252
314853178 1150425
316003603 532812
316536415 95173
316631588 1164293
317795881 591517
318387398 1280914
319668312 903033
320571345 8916
320580261 5461776
326042037 2367759
328409796 381343
328791139 71241
328862380 98755
328961135 537530
329498665 288746
329787411 61542
329848953 540722
330389675 259672
330649347 464240
331113587 283902
331397489 1525085
332922574 1649996
334572570 658116
335230686 2712639
337943325 82480
338025805 1167320
339193125 306644
339499769 1026778
340526547 871069
341397616 1965514
343363130 1088806
344451936 651769
345103705 691064
345794769 355071
346149840 1075978
347225818 370620
347596438 214051
347810489 1183118
348993607 672958
349666565 3038612
352705177 3165504
355870681 835779
356706460 975452
357681912 4136050
361817962 231992
362049954 841692
362891646 2444074
365335720 197363
365533083 1646259
367179342 1357467
368536809 1038048
369574857 583304
370158161 834789
370992950 1457586
372450536 595906
373046442 2447905
375494347 867133
376361480 166774
376528254 193509
376721763 1023469
377745232 840407
378585639 2084947
380670586 3325370
383995956 2440980
386436936 1711579
388148515 2290453
390438968 862300
391301268 1299838
392601106 77061
392678167 493754
393171921 427158
393599079 311155
393910234 483759
394393993 1680379
396074372 3126509
399200881 1640830
400841711 2050457
402892168 3189527
406081695 758704
406840399 1620570
408460969 569421
409030390 2126437
411156827 2222377
413379204 1321053
414700257 639192
415339449 3802231
419141680 4581424
423723104 3291892
427014996 739005
427754001 526430
428280431 102258
428382689 2079506
430462195 2125798
432587993 2125315
434713308 5076059
439789367 1437906
441227273 698940
441926213 1394215
443320428 155462
443475890 497107
443972997 1282296
445255293 111665
445366958 767736
446134694 32774
446167468 1417047
447584515 766017
448350532 1192450
449542982 2481983
452024965 990360
453015325 12890
453028215 2023213
455051428 308721
455360149 612519
455972668 1962020
457934688 2626196
460560884 213727
460774611 362136
461136747 1482116
462618863 13884
462632747 663120
463295867 1287472
464583339 773543
465356882 754604
466111486 527958
466639444 166761
466806205 332328
467138533 1086184
468224717 1090086
469314803 2323403
471638206 2026266
473664472 496084
474160556 653319
474813875 461807
475275682 355602
475631284 2589016
478220300 339965
478560265 2685938
481246203 518963
481765166 837631
482602797 95137
482697934 239681
482937615 1635520
484573135 2637509
487210644 1591820
488802464 954657
489757121 525636
490282757 851655
491134412 287721
491422133 224237
491646370 4274115
495920485 966102
496886587 4607981
501494568 417112
501911680 358083
502269763 1040126
503309889 117945
503427834 463151
503890985 1306811
505197796 432704
505630500 2895461
508525961 3585545
512111506 4522392
516633898 481639
517115537 83487
517199024 4067588
521266612 1392572
522659184 1995936
524655120 2129709
526784829 43737
526828566 1505500
528334066 120367
528454433 77610
528532043 717913
529249956 232160
529482116 4394784
533876900 84603
533961503 1783906
535745409 408388
536153797 759822
536913619 1223525
538137144 426883
538564027 407876
538971903 1746142
540718045 772082
541490127 151291
541641418 7431
541648849 235709
541884558 1526662
543411220 1003650
544414870 728305
545143175 678195
545821370 240209
546061579 2170682
548232261 68888
548301149 1812534
550113683 493757
550607440 41490
550648930 1538685
552187615 823216
553010831 45979
553056810 1576355
554633165 353094
554986259 2376728
557362987 2635813
559998800 749348
560748148 3874643
564622791 258543
564881334 1208632
566089966 6257155
572347121 635914
572983035 367603
573350638 3353433
576704071 203503
576907574 4649753
581557327 2375494
583932821 1163915
585096736 766351
585863087 2894997
588758084 2850634
591608718 5925216
597533934 995670
598529604 490034
599019638 2162611
601182249 463216
601645465 445180
602090645 193201
602283846 450395
602734241 2614008
605348249 1945189
607293438 757015
608050453 5939361
613989814 663887
614653701 77628
614731329 29609
614760938 843960
615604898 1935993
617540891 3837019
621377910 988103
622366013 337503
622703516 586663
623290179 159826
623450005 1510158
624960163 336526
625296689 286028
625582717 857313
626440030 44697
626484727 3758594
630243321 1379518
631622839 613604
632236443 1464901
633701344 784175
634485519 5589649
640075168 450591
640525759 2904271
643430030 3815639
647245669 683703
647929372 1882144
649811516 528603
650340119 1362163
651702282 52573
651754855 352768
652107623 168190
652275813 400415
652676228 301749
652977977 265573
653243550 695117
653938667 283426
654222093 1038404
655260497 274399
655534896 140520
655675416 7614
655683030 811495
656494525 823870
657318395 169349
657487744 378699
657866443 749951
658616394 563154
659179548 43693
659223241 1398388
660621629 3720483
664342112 1281019
665623131 706142
666329273 651572
666980845 70893
667051738 1762400
668814138 1002962
669817100 1846848
671663948 571249
672235197 675906
672911103 426431
673337534 263928
673601462 638435
674239897 1941192
676181089 1725701
677906790 280479
678187269 1817638
680004907 263668
680268575 1614808
681883383 701547
682584930 354701
682939631 650128
683589759 3882328
687472087 731899
688203986 1958122
690162108 194185
690356293 351881
690708174 979323
691687497 859982
692547479 1878005
694425484 1247206
695672690 1153506
696826196 719025
697545221 81322
697626543 645323
698271866 1545531
699817397 351150
700168547 3131146
703299693 1037642
704337335 2658358
706995693 735124
707730817 229070
707959887 1516115
709476002 750153
710226155 396555
710622710 45151
710667861 9435
710677296 3106962
713784258 762255
714546513 262510
714809023 947674
715756697 1302140
717058837 1706632
718765469 1039445
719804914 434826
720239740 1810294
722050034 397465
722447499 93542
722541041 1375795
723916836 339672
724256508 92922
724349430 364242
724713672 2249743
726963415 1308282
728271697 1107624
729379321 1598403
730977724 3856021
734833745 782375
735616120 796958
736413078 2483792
738896870 60155
738957025 281808
739238833 6292189
745531022 2148916
747679938 181748
747861686 324417
748186103 684747
748870850 843804
749714654 665619
461136747 291181070
752317817 420339
752738156 707811
753445967 1313921
754759888 13126
754773014 410079
755183093 401976
755585069 297373
755882442 515315
756397757 678484
757076241 264260
757340501 2048749
759389250 3593291
762982541 462665
763445206 879909
764325115 1669700
765994815 4102920
770097735 111847
770209582 2784676
772994258 809390
773803648 2917081
776720729 61781
776782510 1328629
778111139 196008
778307147 2448212
780755359 73608
780828967 152147
780981114 3362998
784344112 1383722
785727834 128480
785856314 55291
785911605 636817
786548422 542369
787090791 1194561
788285352 872509
789157861 330586
789488447 474742
789963189 42056
790005245 650056
790655301 1210468
791865769 67439
791933208 395559
792328767 1496438
793825205 567149
794392354 140273
794532627 349854
794882481 41749
794924230 732736
795656966 58239
795715205 559060
796274265 722514
796996779 1611915
798608694 372288
798980982 3422292
802403274 683614
803086888 1356601
804443489 1905342
806348831 197536
806546367 2121854
808668221 973262
809641483 4360179
814001662 1787320
815788982 808913
816597895 592085
817189980 1741424
818931404 608494
819539898 580066
820119964 1642831
821762795 1727705
823490500 2791215
826281715 5422477
831704192 1713889
833418081 2302408
835720489 287753
836008242 57180
836065422 385260
836450682 3207671
839658353 686167
840344520 1546172
841890692 1197210
843087902 431526
843519428 4536708
848056136 942535
848998671 615961
849614632 1095585
850710217 626677
851336894 143087
851479981 889025
852369006 1705520
854074526 2354807
856429333 1297454
857726787 1626349
859353136 5268485
864621621 1519916
866141537 2104102
868245639 384224
868629863 1072734
869702597 737956
870440553 1670789
872111342 2085203
874196545 488988
874685533 2536595
877222128 371348
877593476 3711709
881305185 163616
881468801 308615
881777416 501049
882278465 85110
882363575 712554
883076129 1921316
884997445 597631
885595076 1389650
886984726 266830
887251556 300523
887552079 1172591
888724670 472050
889196720 3402882
892599602 723530
893323132 1011047
894334179 1542735
895876914 315766
896192680 1100182
897292862 1060006
898352868 1558422
899911290 1550760
901462050 638766
902100816 476699
902577515 1242514
903820029 2133200
905953229 50894
906004123 576769
906580892 1110336
907691228 916920
908608148 189518
908797666 157046
908954712 1206335
910161047 406899
910567946 1877262
912445208 19474
912464682 1752118
914216800 2169668
916386468 278174
916664642 2966395
919631037 220529
919851566 1600368
921451934 2098462
923550396 2420058
925970454 6176387
932146841 1360717
933507558 1349043
934856601 261610
935118211 507174
935625385 396313
936021698 280036
936301734 35513
936337247 1088856
937426103 3033316
940459419 401140
940860559 725663
941586222 369967
941956189 718151
942674340 571088
943245428 860514
944105942 2843540
946949482 2846539
949796021 1376109
951172130 1282074
952454204 1285301
953739505 3968830
957708335 636363
958344698 1961619
960306317 953649
961259966 1152960
962412926 2779938
965192864 48034
965240898 2731703
967972601 763217
968735818 219870
968955688 1494939
970450627 506594
970957221 2519688
973476909 222983
973699892 669985
974369877 570846
974940723 785655
975726378 860139
976586517 440722
977027239 376212
977403451 1247269
978650720 682022
979332742 1579195
980911937 90364
981002301 121374
981123675 3914998
985038673 96828
985135501 230377
985365878 389751
985755629 876188
986631817 431067
987062884 2279808
989342692 98781
989441473 383086
989824559 249380
990073939 944564
991018503 2259648
993278151 17884
993296035 2025256
995321291 72772
995394063 699558
996093621 3355001
