2774
1 1
2 1
2 2
4 1
4 2
6 1
4 4
8 1
9 1
8 3
11 1
11 2
13 1
11 4
8 8
16 1
16 2
16 3
16 5
16 6
22 2
24 1
24 4
21 8
16 16
32 3
35 3
38 1
35 5
22 19
41 2
43 1
44 1
45 1
44 4
48 2
32 19
51 1
52 1
51 3
54 4
58 1
59 1
32 32
64 2
64 6
70 3
64 15
79 2
81 1
64 22
86 2
86 4
90 1
86 6
92 1
86 8
64 32
96 1
96 3
99 1
96 6
102 2
104 1
104 3
102 13
96 21
117 2
117 8
64 64
128 4
128 6
134 3
134 5
139 5
144 9
139 15
154 1
155 1
144 13
134 24
134 25
134 29
163 1
164 2
164 5
164 8
163 11
174 2
174 9
163 24
187 1
187 2
189 1
190 5
189 14
189 16
187 21
208 2
208 3
208 4
128 86
214 5
219 1
214 9
128 96
224 2
226 1
227 3
226 5
231 2
226 9
235 1
233 12
245 2
224 24
248 2
128 128
256 1
256 3
256 11
248 25
273 1
256 24
280 2
282 1
226 64
290 5
295 1
296 1
256 43
299 2
301 1
302 1
302 2
301 5
306 1
306 9
315 1
316 2
316 11
316 14
315 19
256 81
337 5
337 16
353 1
337 18
355 1
355 3
355 6
361 2
361 9
361 13
374 3
355 29
384 1
355 32
387 3
390 1
391 1
392 1
390 4
394 2
301 96
397 3
400 4
400 6
400 9
409 2
397 29
426 2
428 2
426 6
353 92
445 3
445 5
337 115
452 2
454 3
457 9
450 19
469 6
256 224
480 3
480 4
484 1
484 8
484 9
493 7
484 21
505 2
480 28
256 256
512 2
514 13
527 2
512 22
534 3
534 6
534 7
541 2
534 15
549 1
549 2
549 11
560 2
562 3
560 9
569 1
480 94
574 8
574 9
512 79
591 5
596 1
596 2
598 12
598 14
596 24
591 32
623 3
623 5
512 117
629 7
636 4
512 134
646 2
648 3
651 4
560 96
646 13
659 1
659 2
659 8
659 22
681 8
681 9
681 19
700 1
700 2
702 4
700 14
714 1
715 3
700 21
721 1
721 3
512 214
726 4
726 5
731 4
726 11
737 8
737 13
750 19
514 256
770 4
770 6
726 51
777 7
777 8
785 2
787 2
785 7
792 17
785 28
785 44
777 54
785 51
836 5
726 117
843 1
843 7
850 5
855 6
850 18
868 9
843 35
878 1
879 1
843 41
884 2
884 5
884 8
878 15
893 1
894 1
893 3
893 14
907 2
907 7
914 5
919 5
919 9
907 22
929 2
929 13
928 21
850 102
952 2
954 6
868 99
967 1
879 96
884 102
986 4
512 480
992 9
1001 3
1004 6
1010 4
1004 13
893 154
1047 14
1047 17
1047 22
1069 7
975 102
992 92
1084 5
1089 3
1092 9
1084 24
1108 4
986 158
986 172
1158 1
1158 2
1160 1
1144 50
1194 6
1194 21
1194 24
1218 4
1222 8
952 280
1232 5
1232 9
1241 9
1232 19
1232 22
1254 4
1254 11
1265 9
992 307
1299 4
1299 11
1299 18
1317 18
1317 21
1338 8
1299 48
1347 15
1084 290
975 400
1347 54
1401 11
967 452
1419 1
880 543
1423 6
1429 6
1423 32
1435 50
1485 12
975 541
1516 18
1516 19
1516 43
841 721
1562 1
1562 16
1578 28
1606 22
1516 117
1423 211
1634 2
1636 10
1634 59
1693 5
1698 9
1698 10
1562 154
992 726
1718 10
1562 187
1749 9
1758 5
1763 18
1718 64
1782 14
1749 70
992 836
1828 5
1828 11
1839 6
1839 7
1718 139
1857 2
1857 14
1871 6
1796 107
1903 7
1903 8
1911 2
1857 102
1903 59
1962 2
1962 17
1979 6
1828 159
1987 2
1987 7
1994 1
1995 1
1987 11
1998 9
1998 12
2010 3
2010 19
1998 41
2039 7
2046 12
2046 19
1987 79
1562 512
2074 15
2074 40
1828 295
1828 301
2129 14
2129 18
1857 295
2147 35
2182 1
2147 66
2213 6
2219 7
2219 14
2233 5
2238 10
2147 128
2275 2
2277 4
2275 21
1796 508
2304 7
2311 19
1718 620
2304 54
2152 212
2364 2
2304 70
2374 17
2391 8
2399 1
2374 28
2402 6
1987 452
2439 3
2219 230
2449 11
2460 40
2402 102
2152 394
2546 11
1718 843
2561 2
2563 4
2567 3
2563 19
2582 1
2563 35
2074 543
2617 22
2639 19
2658 5
2449 230
2679 41
2338 390
2728 3
2731 11
2731 28
2617 144
2761 18
2779 3
2561 227
2788 52
2840 5
2840 17
2840 53
2893 24
2840 102
2942 17
2959 2
2961 11
2942 50
2992 3
2995 7
2857 212
2788 282
3070 18
3088 16
2561 620
3181 1
2561 646
3207 14
3207 15
3222 5
3222 21
3222 64
3207 92
3299 3
3299 11
3207 134
2840 508
3348 15
2561 813
3374 17
3374 28
3402 2
3404 17
2152 1299
3374 104
3478 1
3402 79
3451 43
3348 174
3522 12
3348 203
3551 28
3299 358
3657 52
3709 2
3711 14
2995 792
3709 97
3806 17
3709 125
3834 28
3862 6
3862 16
3878 9
3887 54
3878 102
3207 777
3984 9
3984 15
3999 3
3999 14
3984 40
4024 7
4031 12
4043 15
4043 17
3806 256
3984 94
4078 11
4089 14
4089 48
4137 12
4089 90
4179 12
4191 93
4078 212
4137 230
3834 582
4284 166
4179 273
4416 52
4468 1
4367 104
4089 384
4473 9
4473 51
4450 169
4089 591
4680 8
4482 224
4706 11
4706 45
4706 52
4758 3
3984 785
4680 93
4773 50
4773 92
4769 183
4773 188
4961 44
4961 93
4680 409
5089 58
5147 22
5147 43
4680 543
5147 99
5223 52
5223 64
5287 15
5287 17
3657 1718
5375 15
5223 188
5287 187
5474 9
5483 40
5474 81
4680 884
5474 163
5637 105
5474 306
5287 527
5564 282
5564 390
5954 7
5961 15
5287 702
5564 469
6033 16
5375 715
6033 90
5564 629
6193 66
6259 6
6123 245
6259 158
5275 1160
6193 290
6483 58
6541 94
5846 836
6417 353
6265 512
6033 785
6193 659
6818 90
6259 714
6852 163
7015 41
7015 53
6635 480
7115 22
7015 144
7159 51
7210 41
7068 214
4367 2942
7309 41
7350 16
7309 139
7159 295
7366 172
7015 540
7555 13
7568 5
7555 21
7555 29
7584 24
7608 86
7015 731
7555 212
7015 769
7767 93
7860 6
7860 43
7903 93
7015 986
7784 227
8001 223
8011 214
6265 1987
8252 6
8001 295
8296 1
8296 13
8001 337
6259 2152
8411 17
8338 144
8428 117
8411 139
7746 843
8589 2
8411 259
8338 445
8783 2
8783 107
8338 681
9019 59
8890 214
9104 10
8890 227
9019 164
9183 59
9183 70
9183 96
9253 93
9183 212
9019 432
9183 295
8783 737
9520 107
9019 620
9627 46
9520 208
9728 90
8890 986
9639 274
9913 2
9876 115
9019 990
10009 94
7068 3070
9991 189
10009 267
10276 223
9915 850
10499 334
10009 829
10838 17
10009 884
10893 45
10838 299
10893 306
11137 174
10893 484
11377 174
11551 79
11377 307
11684 9
11377 390
10893 878
11771 115
11551 391
11886 299
12185 12
11771 690
12461 90
12185 452
12637 5
12642 15
12461 307
12637 304
12941 45
12986 86
12637 850
13487 10
11886 1749
13635 82
13487 301
13788 248
14036 125
14036 230
14036 302
14338 117
14036 574
14610 3
14610 35
14645 51
14610 259
14696 235
14610 400
15010 1
15011 203
15214 19
14610 737
15214 469
15011 714
14036 1749
15347 534
15881 99
15725 374
14338 1857
15980 273
14645 1828
15725 813
16253 426
15347 1419
15980 879
16766 211
16766 452
16859 480
17339 15
16859 549
17408 3
17411 92
17339 282
17621 107
17408 361
17769 51
17408 514
17728 334
17922 787
17922 893
17218 1782
18815 233
19048 223
18815 596
17922 1998
19411 582
19411 700
20111 164
16766 3709
17728 2942
20111 591
20702 5
20475 304
20275 537
20702 307
19048 2074
20275 868
21143 406
21549 29
21143 475
21143 508
21651 159
21618 303
21810 154
21964 342
21810 512
22306 79
22322 104
22322 397
22426 391
22719 541
23260 450
12986 10838
23260 623
23260 770
23260 880
24030 721
23710 1420
24751 731
25482 954
25482 975
26457 15
26472 355
26827 41
26827 315
27142 172
27314 46
26827 560
27387 93
27314 280
27387 353
27740 25
27765 724
28489 280
28769 144
28769 280
29049 299
28489 990
29479 90
28769 880
29569 211
29049 785
29569 445
29834 714
30548 226
30774 562
30774 967
31741 25
31766 157
31741 245
31741 702
24751 7860
32443 750
28913 4367
33193 337
33530 205
32611 1299
21810 12185
33995 70
34065 90
33995 907
34902 8
21651 13487
35138 2
35138 715
35853 583
36436 14
28489 8224
36436 569
37005 390
37005 777
37782 2
37784 235
37784 681
37784 737
38521 174
38465 574
38521 892
39413 690
40103 99
38521 1782
23883 16679
40103 722
40825 54
40879 776
41655 187
41842 58
41842 306
35853 6852
42148 591
42739 387
43126 44
43126 701
42148 2233
30774 14036
44810 208
45018 231
45249 96
44810 565
45345 527
45872 374
39413 6852
46265 929
47194 952
45345 3402
40562 8411
48146 880
49026 784
49810 158
49968 667
50635 836
51471 656
52127 132
52259 831
53090 223
53313 813
53313 841
29569 24751
54154 370
54154 844
52259 3984
54126 9913
64039 1144
54154 11199
56243 10276
66519 94
56243 10838
67081 681
67081 1084
68165 1998
68165 15725
67081 23883
90964 9876
100840 1534
102374 60
100840 1633
102473 318
102791 655
102473 1646
67081 37395
102473 2759
104476 831
104119 2114
104476 2311
106787 396
104476 3787
54154 54154
108308 66
108263 404
108374 500
108874 15
108308 598
108906 157
108906 370
108906 2546
109276 2583
109063 3002
112065 541
109063 4058
109063 4060
113123 931
113123 1833
113123 2330
115453 195
115453 626
113123 3104
116227 38
116227 432
113123 3887
102791 14455
113121 5275
118396 236
114054 4769
118823 527
108308 11767
120075 1200
120075 3980
108308 16253
124561 125
124561 886
124561 968
124561 1419
125529 1763
124561 3348
127292 785
127909 247
127292 1089
127909 610
124561 4450
129011 1
124561 4469
129011 189
129030 327
124561 5564
108308 22306
129200 1693
130125 1497
130125 2074
132199 32
130125 2219
130614 2563
132344 895
132344 1374
133718 16
133239 512
133751 119
133718 640
133718 1563
133718 1728
108308 27142
135450 296
132199 5304
135450 2663
135446 3725
135450 4002
135450 5089
135450 5742
141192 104
141192 850
141192 1218
142410 1112
141192 2742
129012 15233
135450 9279
144729 134
144863 1004
144863 1215
146078 100
108906 38695
147601 1781
149382 176
147601 2058
147601 2330
144863 5523
149931 1763
151694 550
150386 1859
135446 17218
152245 430
152675 219
152675 274
152675 889
153564 507
153564 597
154161 1455
146078 9913
155616 485
135450 20707
156157 250
156407 809
152949 4452
156157 1796
154161 3941
157216 2058
157953 1423
158102 1833
157953 2504
156157 4758
135450 26436
157953 4619
157953 4761
162714 1101
163815 2400
162714 3941
162714 4823
167537 1010
156157 13487
169644 187
169831 789
153564 17503
157953 13717
171067 636
171703 1112
171670 1412
171670 2782
174452 139
174452 924
174452 1338
171670 4688
176358 2
176360 1819
149382 29834
176358 2917
179275 306
179581 301
157953 22385
180338 195
179882 2582
180338 4865
185203 730
179275 7068
186343 28
180338 7056
180338 8545
188883 393
180338 9242
180338 10009
189580 975
189580 1578
189580 1707
191287 22
191287 529
191816 139
191287 750
191816 1017
192833 119
157953 35138
193091 1845
193091 3243
196334 16
196334 174
193091 3479
196570 283
196853 158
197011 354
180338 17411
191158 7056
197749 2248
182464 17922
192037 9876
135450 66613
202063 137
202063 2442
156407 48747
202063 3711
205774 1014
205774 1064
206838 1346
205774 3182
208956 91
209047 582
209047 612
191158 18815
205774 4416
209047 1636
175790 34902
210692 952
191158 20707
210190 4469
196853 17922
214775 483
215258 92
202063 14455
108308 108308
216616 651
214775 2893
209047 9019
209973 8297
216616 1819
216616 2029
218645 841
191287 29479
216616 4717
221333 1913
221333 2039
223372 1401
224773 492
218645 8783
224773 3002
227775 39
227775 1535
192833 38019
221333 10180
231513 257
231513 512
199997 33910
231513 2570
231513 2658
234171 230
234401 660
231513 3725
231513 4002
199997 36713
236710 387
236710 612
129030 108308
237338 1429
237338 1846
237338 2007
239345 648
239993 1061
237097 4416
241513 250
239993 2013
239993 3534
243527 949
239993 4751
243527 2183
244744 1335
239993 7137
231513 16977
248490 220
244744 3980
247130 1833
248724 909
216616 33735
250351 2972
216616 36713
216616 39039
216616 40562
257178 1230
257178 2089
257178 2460
259638 661
259638 1250
260888 88
259267 1871
259638 1698
259638 3310
260976 2296
261336 2114
261336 2720
264056 960
259638 5976
265614 706
259638 6770
266408 689
259638 7746
267384 612
267384 1833
260299 9114
267384 2408
260888 10276
271164 105
271269 355
267384 4952
267384 5483
257178 16099
273277 919
274196 702
274196 3481
257178 21549
274196 7282
281478 1310
278727 5961
284688 1237
284688 1241
278727 8258
286985 1989
286985 2114
289099 2961
292060 428
277677 17820
292060 3993
288974 7366
289099 8591
297690 774
297690 1258
278727 20779
265614 34155
299506 1274
300780 82
278727 22306
301033 155
301033 3391
296340 8783
301033 4471
305504 297
304424 2143
306567 354
305801 3363
301033 9104
310137 153
310137 224
310137 392
310137 1636
310137 2275
305123 7608
312412 1161
312412 1485
310137 5246
315383 166
313573 2143
315549 330
315879 195
305504 12657
315383 3823
315383 4013
319396 274
319206 1089
315383 5555
320938 304
284688 37782
322470 73
315879 7454
321242 2439
309164 14613
323777 125
323902 1159
299506 27360
322470 5780
328250 942
328250 1429
292060 40825
328250 5780
310137 24751
278727 56243
334970 541
216616 120075
336691 2182
336691 2582
334970 4367
339337 385
216616 124561
336691 5814
342505 483
341177 2731
341177 4043
345220 1076
341177 5304
341177 6049
347226 105
334888 14645
349533 714
216616 135450
352066 1996
352066 3227
339273 16679
352066 3999
343908 15881
352066 7860
349533 10499
359926 1251
361177 363
361540 480
335511 27765
361540 1758
359926 5961
359926 6368
366294 1069
366294 3579
369873 466
369873 4284
374157 1222
366294 9627
375921 43
375379 1516
376895 105
366294 11630
359926 19271
379197 159
379356 22
379378 1606
379356 2046
379197 2500
381697 5005
386702 667
386702 2296
381697 9673
359926 31923
366294 26457
391849 1959
343908 49968
393876 210
391849 2639
394488 928
388998 9078
394488 4758
391849 7573
399422 406
391849 8297
400146 3243
359926 44381
404307 219
404307 1001
405308 2845
405308 3221
359926 48747
408673 3302
408673 3868
412541 190
412731 2759
412541 4706
412541 7694
412541 7996
420537 13
420550 850
411975 11767
412541 11942
424483 2065
426548 949
408673 19000
427673 2557
430230 2183
216616 216616
433232 183
433415 156
433415 404
433415 735
433415 1911
434150 1877
411975 25482
433415 5169
438584 2893
441477 896
442373 3478
433232 12657
445889 174
445889 914
445851 1250
446803 448
446803 551
446803 2010
445889 4031
449920 894
347226 105307
449920 4452
454372 296
445889 9114
455003 457
455003 990
455993 94
455993 231
455460 960
456087 1857
456224 2281
458505 1763
455993 4468
450814 9991
460461 2358
462819 454
460461 3088
445889 18062
463951 2226
445889 20779
466668 448
467116 1994
466177 3341
469518 1535
469518 1964
469518 2277
469518 2399
469518 2582
472100 1303
472100 2567
469518 5302
474820 4043
474820 6417
481237 296
481533 302
469518 12551
481835 356
482069 1708
483777 1910
469518 17354
486872 1628
486872 2583
489455 1911
469518 21921
463951 30014
493965 1092
493965 3421
433232 336691
433232 341177
433232 433232
866464 7784
874248 133718
1007966 2066
1007966 7366
1015332 7210
1007966 17728
1007966 21122
1029088 5054
1034142 8224
1007966 35140
1043106 7568
1050674 1265
1043106 16538
1059644 15233
1043106 33910
1077016 1716
1077016 8225
1085241 1047
1086288 8550
1086288 9818
1043106 54998
1098104 1606
1043106 64039
1107145 1578
1108723 3862
1107145 6908
1007966 109063
1117029 5637
1117029 8482
1125511 13497
1125511 14613
1140124 9346
874248 278727
1152975 9991
1152975 10138
1163113 11551
1163113 14161
1152975 27594
1180569 5846
1180569 7159
1180569 9183
1189752 316
1189752 2039
1152975 48973
1201948 1419
1201948 1979
1203927 2728
1201948 5054
1207002 2504
1207002 2617
1209619 7115
866464 352066
1218530 1839
1209619 11767
1218530 4149
1218530 13072
1218530 14266
1232796 2402
1218530 28913
1247443 2311
1249754 303
1250057 2143
1247443 9253
1256696 5814
1247443 15683
1263126 1693
1264819 1362
1264819 3787
1268606 2992
1271598 7448
1271598 10103
1263126 26436
1263126 29649
1292775 9117
1292775 20670
1263126 54320
1247443 70163
1218530 100840
1319370 537
1317606 4473
1322079 2959
1325038 718
1325756 4062
1322079 12642
1334721 1903
1319907 22817
1342724 877
1343601 493
1218530 130125
1348655 454
1349109 6777
1342724 15683
1349109 29569
1349109 31766
1380875 2074
1382949 4482
1387431 5954
1387431 5989
1382949 10499
1393448 105
1393448 636
1394084 2995
1397079 6090
1403169 1254
1382949 21578
1380875 25130
1406005 2857
1397079 16195
1406005 9451
1415456 3522
1418978 745
1418978 12768
1415456 16473
1431929 3310
1431929 3494
1431929 5411
1437340 1429
1380875 67762
1349109 108374
1348655 108906
1457561 2391
1457561 15785
1473346 2238
1457483 21651
1479134 3980
1479134 10765
1479134 17218
1479134 29348
1508482 7538
1516020 20475
1536495 1089
1457561 83890
1541451 5390
1541451 7860
1541451 13635
1555086 861
1549311 9183
1555086 4524
1555086 16766
1571852 1160
1555086 21964
1577050 7251
1577050 7454
1584504 4471
1577050 17411
1577050 21009
1598059 2679
1600738 2304
1541451 65183
1541451 65353
1606804 1232
1606804 5190
1611994 8252
1606804 29780
1636584 1435
1636584 3286
1636584 7282
1541451 102473
1541451 105307
1646758 356
1647114 9915
1646758 10938
1657696 9728
1667424 570
1667994 6123
1657696 17621
1646758 32611
1679369 411
1667424 15725
1679369 7350
1686719 2779
1679369 10833
1690202 1959
1690202 2563
1643866 54154
1594461 108906
1690202 14931
1705133 1347
1706480 1108
1348655 359926
1708581 868
1709449 7309
1716758 3222
1708581 14645
1706480 17218
1723698 620
1723226 5375
1723226 9520
866464 866464
1732928 426
1733354 7866
1732928 10855
1743783 9078
1743783 17820
1761603 1559
1761603 8309
1752861 17411
1769912 1194
1771106 3878
1732928 42705
1775633 2233
1775633 6033
1781666 432
1775633 11311
1775633 15214
1790847 183
1791030 17503
1808533 1218
1791030 20812
1791030 24140
1791030 27360
1782098 41655
1823753 227
1823753 2275
1775633 54524
1830157 1962
1832119 1995
1832119 18709
1830157 23824
1853981 3551
1857532 19920
1877452 1985
1853981 40303
1853981 41900
1895881 1998
1897879 706
1853981 45375
1775633 132344
1907977 9395
1907977 14696
1907977 16195
1924172 8428
1907977 33280
1898585 45018
1941257 2761
1941257 7903
1949160 2598
1949160 6541
1955701 4191
1955701 6635
1962336 6435
1968771 1317
1941257 31986
1973243 2992
1976235 3391
1979626 1871
1981497 3069
1981497 6682
1732928 257178
1990106 2366
1990106 2449
1992555 1994
1990106 9478
1732928 769923
1732928 774409
2507337 12941
2520278 3984
2520278 4773
2525051 1634
2507337 27480
2507337 29479
2536816 3374
2540190 2123
2507337 36450
2507337 40202
2547539 6033
2507337 46246
2553583 2304
2553583 2338
2553583 8890
2507337 67081
2574418 4179
2574418 4473
2578891 3402
2582293 5275
2587568 469
2587568 4416
2574418 19993
2594411 211
2594411 3451
2594411 6265
2600676 59
2600676 1796
1732928 874248
2607176 5089
2612265 628
2612265 1562
2613827 1423
2607176 11377
2618553 1782
2618553 3070
2618553 3657
2622210 855
2623065 391
2607176 17769
2624945 565
2624945 1857
2626802 2152
2628954 1516
2626802 4137
2630939 1420
2624945 7555
2632500 1077
2632500 4024
2636524 3348
2639872 377
2640249 792
2632500 14338
2646838 1828
2648666 169
2648835 7584
2646838 11137
2607176 56243
2663419 2546
2665965 2840
2668805 7608
2668805 8670
2663419 22426
2685845 2364
2685845 4290
2663419 26868
2690287 4961
2695248 283
2690287 5287
2663419 34065
2697484 5223
2697484 8783
2706267 5474
2695248 27740
2711741 12986
2711741 16679
2706267 23710
2729977 50
2729977 14869
2744846 205
2744846 4769
2729977 20702
2729977 27314
2757291 3834
2761125 1158
2663419 104476
2767895 1375
2767895 7576
2767895 9639
2777534 11693
2777534 12461
2777534 19048
2796582 174
2796582 1749
2777534 21618
2777534 31336
2808870 3806
2767895 54126
2822021 44
2822065 2147
2822065 7746
2822065 8411
2822065 11684
2833749 245
2767895 66519
2834414 358
2834772 1299
2836071 844
2834414 2788
2837202 189
2837391 1903
2837391 6259
2843650 8011
2837202 15010
2852212 1718
2853930 3709
2857639 1419
2859058 1987
2853930 7767
2861697 2942
2861697 9913
2871610 4367
2875977 6818
2882795 2374
2882795 8589
2891384 7068
2871610 34155
2905765 6973
2905765 15011
2853930 68165
2922095 11199
2933294 2213
2933294 8785
2852212 90964
2943176 3404
2943176 5147
2948323 2439
1732928 1218530
2951458 3181
2951458 6483
2957941 4103
2957941 8296
2957941 12197
2970138 2129
2957941 17339
2951458 38695
2990153 505
2951458 43170
2994628 3299
2951458 2607176
5558634 2994628
8553262 2997927
11551189 2663419
14214608 2624945
16839553 2507337
19346890 2574418
21921308 2767895
24689203 2834414
27523617 2990153
30513770 2837202
33350972 2632500
35983472 2594411
38577883 2697484
41275367 2646838
43922205 2957941
46880146 2706267
49586413 2553583
52139996 2852212
54992208 2837391
57829599 2834772
60664371 2626802
63291173 2702707
65993880 2943176
68937056 2690287
71627343 2822021
74449364 2618553
77067917 2502851
79570768 2612265
82183033 2657975
84841008 2636524
87477532 2843650
90321182 2853930
93175112 2729977
95905089 2547539
98452628 2648666
101101294 2578891
103680185 2630939
106311124 2777534
109088658 2543787
111632445 2757291
114389736 2622210
117011946 2695574
119707520 2922095
122629615 2621623
125251238 2685845
127937083 2808870
130745953 2553572
133299525 2861697
136161222 2628954
138790176 2665965
141456141 2620335
144076476 2600676
146677152 2822065
149499217 2833749
152332966 2625510
154958476 2623065
157581541 2648835
160230376 2990658
163221034 2623456
165844490 2536816
168381306 2799152
171180458 2750679
173931137 2656419
176587556 2948323
179535879 2613827
182149706 2836071
184985777 2871610
187857387 2975280
190832667 2630470
193463137 2744846
196207983 2562473
198770456 2615250
201385706 2540190
203925896 2970138
206896034 2534817
209430851 2857639
212288490 2711741
215000231 2859058
217859289 2761125
220620414 2830476
223450890 2796582
226247472 2933294
229180766 2582293
231763059 2668805
234431864 2555921
236987785 2520278
239508063 2728420
242236483 2829811
245066294 2602472
247668766 2972267
250641033 2639872
253280905 2812676
256093581 2640249
258733830 2555887
261289717 2597862
263887579 2730027
266617606 2824212
269441818 2905765
272347583 2946580
275294163 2861045
278155208 2587568
280742776 2798331
283541107 2920776
286461883 2762283
289224166 2677475
291901641 2724727
294626368 2775471
297401839 2525051
299926890 2851661
302778551 2749615
305528166 2789995
308318161 2769270
311087431 2950762
314038193 2542313
316580506 2641041
319221547 2695248
321916795 2954639
324871434 2796756
327668190 2594622
330262812 2864639
333127451 2836915
335964366 2695531
338659897 2591984
341251881 2875977
344127858 2839294
346967152 2882795
349849947 2526685
352376632 2690135
355066767 2966237
358033004 2942079
360975083 2935507
363910590 2676413
366587003 2578597
369165600 2588037
371753637 2745051
374498688 2891384
377390072 2633577
380023649 2833994
382857643 2600735
385458378 2789227
388247605 2962044
391209649 2632359
393842008 2524262
396366270 2912738
399279008 2885169
402164177 2722988
404887165 2612893
407500058 2688209
410188267 2898452
413086719 1348655
414435374 1708581
416143955 1990106
418134061 1775633
419909694 1319370
421229064 1907977
423137041 1830157
424967198 1247443
426214641 1457561
427672202 1790847
429463049 1349109
430812158 1541451
432353609 1853981
434207590 1457483
435665073 1152975
436818048 1941257
438759305 1201948
439961253 1380875
441342128 1448637
442790765 1899356
444690121 1973243
446663364 1007966
447671330 1117029
448788359 1832119
450620478 1406005
452026483 1949160
453975643 1723226
455698869 1895881
457594750 1043106
458637856 1732746
460370602 1317606
461688208 1415456
463103664 1107145
464210809 1207002
465417811 1894284
467312095 1955701
469267796 1646758
470914554 1473346
472387900 1180569
473568469 1382949
474951418 1924172
476875590 1643924
478519514 1976235
480495749 1404527
481900276 1743783
483644059 1393448
485037507 1922673
486960180 1209619
488169799 1394084
489563883 1232796
490796679 1606804
492403483 1319907
493723390 1231602
494954992 1263126
496218118 1125511
497343629 1029088
498372717 1397079
499769796 1163113
500932909 1378678
502311587 1114053
503425640 1709449
505135089 1108723
506243812 1679369
507923181 1606634
509529815 1786944
511316759 1555086
512871845 1728601
514600446 1657696
516258142 1235198
517493340 1761603
519254943 1189752
520444695 1203927
521648622 1177274
522825896 1387431
524213327 1577050
525790377 1191791
526982168 1206655
528188823 1791030
529979853 1098104
531077957 1690202
532768159 1705133
534473292 1769912
536243204 1187728
537430932 1979626
539410558 1112585
540523143 1186415
541709558 1431929
543141487 1706480
544847967 1818390
546666357 1256696
547923053 1692765
549615818 1763162
551378980 1140124
552519104 1222679
553741783 1647114
555388897 1598059
556986956 1077016
558063972 1857532
559921504 1636584
561558088 1962336
563520424 1437340
564957764 1999584
566957348 1342724
568300072 1815170
570115242 1594461
571709703 1917372
573627075 1703367
575330442 1322079
576652521 1781666
578434187 1992555
580426742 1675317
582102059 1611994
583714053 1571852
585285905 1771106
587057011 1584504
588641515 1733354
590374869 1418978
591793847 1317446
593111293 1343601
594454894 1292775
595747669 1025694
596773363 1811842
598585205 1620246
600205451 1479134
601684585 1313445
602998030 1034142
604032172 1249754
605281926 1059644
606341570 1716758
608058328 1085241
609143569 1508482
610652051 1190068
611842119 1086288
612928407 1078732
614007139 1573012
615580151 1707588
617287739 1393420
618681159 1355886
620037045 1600738
621637783 1686719
623324502 1657029
624981531 1050674
626032205 1289562
627321767 1015332
628337099 1496352
629833451 1667424
631500875 1301892
632802767 1264819
634067586 1981497
636049083 1096106
637145189 1608036
638753225 1877452
640630677 1723698
642354375 1808533
644162908 1438769
645601677 1603042
647204719 1741220
648945939 1777866
650723805 1174664
651898469 1216734
653115203 1403169
654518372 1959892
656478264 1393385
657871649 1268606
659140255 1782098
660922353 1549311
662471664 1809751
664281415 1752861
666034276 1250057
667284333 1149470
668433803 1516020
669949823 1393553
671343376 1770272
673113648 1220369
674334017 1094838
675428855 1667994
677096849 1588975
678685824 1988179
680674003 1139008
681813011 1203367
683016378 1850828
684867206 1559610
686426816 1408862
687835678 1897879
689733557 1674117
691407674 1334721
692742395 1643866
694386261 1536495
695922756 1022542
696945298 1431746
698377044 1719980
700097024 1994549
702091573 1823753
703915326 1413274
705328600 1683149
707011749 1826028
708837777 1271598
710109375 1823980
711933355 1984566
713917921 1944018
715861939 1336624
717198563 1252200
718450763 1932600
720383363 1010032
721393395 1774984
723168379 1162966
724331345 1042366
725373711 1724318
727098029 1558494
728656523 1639870
730296393 1555947
731852340 1404423
733256763 1992472
735249235 1358407
736607642 1435423
738043065 1489899
739532964 1325038
740858002 1051939
741909941 1074877
742984818 1483114
744467932 1968771
746436703 1834114
748270817 1698020
749968837 1951758
751920595 1898585
753819180 1281701
755100881 1537584
756638465 1435239
758073704 1584301
759658005 1262510
760920515 1221386
762141901 1344094
763485995 1879437
765365432 1689498
767054930 1279046
768333976 1943603
770277579 1419723
771697302 1679780
773377082 1970088
775347170 1209506
776556676 1122666
777679342 1692161
779371503 1459952
780831455 1266181
782097636 1325756
783423392 1329818
784753210 1475584
786228794 1546841
787775635 1638019
789413654 1099710
790513364 445889
790959253 408673
791367926 347226
791715152 404307
792119459 433415
792552874 463951
793016825 273277
793290102 301033
793591135 493965
794085100 356065
794441165 391849
794833014 299506
795132520 379197
795511717 366294
795878011 334970
796212981 259638
796472619 286985
796759604 361177
797120781 427673
797548454 466177
798014631 469518
798484149 310137
798794286 491439
799285725 315383
799601108 267384
799868492 377924
800246416 486872
800733288 255655
800988943 347331
801336274 455003
801791277 346481
802137758 482069
802619827 339337
802959164 455993
803415157 400146
803815303 284688
804099991 412541
804512532 460461
804972993 424483
805397476 339273
805736749 456087
806192836 449920
806642756 320938
806963694 420537
807384231 345220
807729451 446803
808176254 300780
808477034 343908
808820942 474820
809295762 355952
809651714 334888
809986602 289099
810275701 297690
810573391 375921
810949312 481237
811430549 349533
811780082 399422
812179504 266408
812445912 312412
812758324 265614
813023938 298948
813322886 420235
813743121 301188
814044309 489455
814533764 405308
814939072 322470
815261542 267097
815528639 298464
815827103 381697
816208800 313897
816522697 438584
816961281 261336
817222617 434150
817656767 304424
817961191 455460
818416651 264056
818680707 285929
818966636 433819
819400455 483777
819884232 369873
820254105 260888
820514993 394488
820909481 417247
821326728 488500
821815228 338873
822154101 472100
822626201 305504
822931705 448813
823380518 328250
823708768 313573
824022341 497386
824519727 319396
824839123 361540
825200663 363298
825563961 481533
826045494 367363
826412857 420550
826833407 379356
827212763 436027
827648790 374157
828022947 272867
828295814 272336
828568150 342505
828910655 393876
829304531 466668
829771199 260976
830032175 375379
830407554 441477
830849031 329679
831178710 260299
831439009 274196
831713205 381402
832094607 412731
832507338 463549
832970887 277677
833248564 456224
833704788 421400
834126188 339722
834465910 426548
834892458 391370
835283828 399246
835683074 392751
836075825 342988
836418813 322543
836741356 376895
837118251 292060
837410311 386702
837797013 319670
838116683 403389
838520072 305801
838825873 288974
839114847 491366
839606213 296340
839902553 319206
840221759 454372
840676131 296053
840972184 355293
841327477 269792
841597269 259267
841856536 315549
842172085 305123
842477208 269217
842746425 433571
843179996 452533
843632529 315879
843948408 321242
844269650 271164
844540814 399828
844940642 253329
845193971 312731
845506702 309164
845815866 462819
846278685 311773
846590458 306567
846897025 411975
847309000 442373
847751373 250351
848001724 467116
848468840 423742
848892582 362020
849254602 474667
849729269 469110
850198379 450814
850649193 323777
850972970 266320
851239290 310529
851549819 460805
852010624 285925
852296549 478863
852775412 395416
853170828 430230
853601058 354062
853955120 350247
854305367 332885
854638252 388998
855027250 379378
855406628 408529
855815157 435326
856250483 471917
856722400 281478
857003878 447354
857451232 415490
857866722 427497
858294219 471795
858766014 318161
859084175 458505
859542680 346296
859888976 335511
860224487 463273
860687760 265016
860952776 323902
861276678 300862
861577540 445851
862023391 404526
862427917 447101
862875018 408153
863283171 306921
863590092 394086
863984178 471482
864455660 329192
864784852 375964
865160816 456420
865617236 325061
865942297 326866
866269163 267996
866537159 320295
866857454 437457
867294911 380984
867675895 334030
868009925 261138
868271063 323333
868594396 271269
868865665 258408
869124073 295497
869419570 282788
869702358 316074
870018432 263272
870281704 370339
870652043 387369
871039412 263450
871302862 269413
871572275 495057
872067332 460268
872527600 310290
872837890 473403
873311293 274898
873586191 292488
873878679 360032
874238711 310361
874549072 457944
875007016 271624
875278640 446063
875724703 299769
876024472 398076
876422548 393808
876816356 454668
877271024 481835
877752859 432413
878185272 471053
878656325 315716
878972041 363276
879335317 482191
879817508 447251
880264759 359789
880624548 377000
881001548 323681
881325229 485687
881810916 253323
882064239 365887
882430126 262948
882693074 202063
882895137 156157
883051294 144729
883196023 132199
883328222 221333
883549555 129030
883678585 144863
883823448 231513
884054961 157953
884212914 180338
884393252 150386
884543638 189580
884733218 131622
884864840 193091
885057931 248490
885306421 216518
885522939 141192
885664131 147601
885811732 196570
886008302 237338
886245640 218645
886464285 191287
886655572 135446
886791018 171670
886962688 130614
887093302 205774
887299076 113123
887412199 191158
887603357 223372
887826729 188883
888015612 135281
888150893 197749
888348642 113121
888461763 143934
888605697 224773
888830470 227775
889058245 208956
889267201 239345
889506546 117010
889623556 235238
889858794 133239
889992033 129011
890121044 209047
890330091 234171
890564262 176358
890740620 108263
890848883 116227
890965110 225265
891190375 152245
891342620 142410
891485030 125529
891610559 234083
891844642 152675
891997317 174452
892171769 111452
892283221 191816
892475037 108874
892583911 146078
892729989 175790
892905779 199997
893105776 231770
893337546 142042
893479588 239184
893718772 162714
893881486 156407
894037893 162572
894200465 153564
894354029 129357
894354029 315383
894669412 104119
894773531 223246
894996777 206838
895203615 106233
895309848 149931
895459779 145867
895605646 210692
895816338 208184
896024522 133177
896157699 209973
896367672 187394
896555066 127909
896682975 116659
896799634 118396
896918030 114054
897032084 175376
897207460 128519
897335979 210683
897546662 196853
897743515 190555
897934070 114956
898049026 102791
898151817 141296
898293113 115453
898408566 210190
898618756 139452
898758208 239993
898998201 192833
899191034 149659
899340693 219486
899560179 218435
899778614 151694
899930308 127292
900057600 108889
900166489 179275
900345764 173082
900518846 186343
900705189 154161
900859350 232025
901091375 247130
901338505 234401
901572906 217267
901790173 220766
902010939 103446
902114385 179581
902293966 192952
902486918 197011
902683929 155616
902839545 186371
903025916 112065
903137981 185203
903323184 230852
903554036 105232
903659268 204505
903863773 214775
904078548 149382
904227930 179216
904407146 167537
904574683 211644
904786327 129200
904915527 244744
905160271 152244
905312515 243527
905556042 214659
905770701 157216
905927917 217668
906145585 117246
906262831 152664
906415495 236710
906652205 108667
906760872 156101
906916973 134358
907051331 171067
907222398 211865
907434263 133751
907568014 166655
907734669 246079
907980748 138113
908118861 196334
908315195 159376
908474571 139171
908613742 189276
908803018 128381
908931399 161886
909093285 190347
909283632 242006
909525638 169644
909695282 241054
909936336 218270
910154606 168547
910323153 152894
910476047 163815
910639862 102374
910742236 116265
910858501 102434
910960935 154071
911115006 118632
911233638 149558
911383196 209629
911592825 235515
911828340 237097
912065437 238767
912304204 206788
912510992 215258
912726250 179882
912906132 121275
913027407 160915
913188322 244476
913432798 233907
913666705 158102
913824807 106787
913931594 194936
914126530 192037
914318567 124055
914442622 125447
914568069 241513
914809582 159935
914969517 245710
915215227 248724
915463951 152949
915616900 132231
915749131 140539
915889670 227814
916117484 176360
916293844 118823
916412667 109276
916521943 159274
916681217 215350
916896567 112606
917009173 129012
917138185 249633
917387818 198214
917586032 128156
917714188 180533
917894721 248963
918143684 205154
918348838 107183
918456021 157401
918613422 119350
918732772 137503
918870275 166215
919036490 160457
919196947 182464
919379411 191309
919570720 197365
919768085 202200
919970285 128077
920098362 135746
920234108 124686
920358794 155991
920514785 133734
920648519 169831
920818350 218066
921036416 133870
921170286 125980
921296266 144245
921440511 185933
921626444 171703
921798147 235061
922033208 191955
922225163 201913
922427076 111859
922538935 116079
922655014 200386
922855400 196508
923051908 237322
923289230 248710
923537940 170620
923708560 227428
923935988 241763
924177751 115648
924293399 178179
924471578 196350
924667928 229310
924897238 130893
925028131 172815
925200946 174591
925375537 146178
925521715 209659
925731374 143522
