340
1 1
2 1
2 2
4 1
4 2
6 1
7 1
6 4
10 1
6 6
12 1
13 1
13 4
13 5
18 1
10 10
20 2
18 5
12 12
24 1
25 2
24 4
25 4
29 5
34 1
29 10
39 2
41 1
42 2
25 20
24 24
48 2
48 5
53 2
53 4
57 3
48 13
61 1
61 4
61 10
62 12
74 10
61 25
71 53
124 25
149 45
194 29
223 7
230 65
295 28
323 10
323 25
348 86
434 18
452 17
469 39
508 23
531 4
535 62
597 27
348 295
643 23
452 223
675 74
749 57
806 34
666 230
896 35
931 8
939 57
996 4
996 23
1019 41
939 124
1063 24
666 531
1087 124
1211 41
840 434
1274 23
1274 34
1308 65
1373 14
1387 71
1458 7
1465 29
1494 22
1516 42
1458 149
1607 14
1621 5
1626 35
1607 57
1087 624
1494 333
1827 39
1866 18
1884 23
1458 452
1910 18
1928 48
1063 1000
1458 624
2082 35
2117 50
1976 223
2199 8
2207 1
2208 55
2263 14
2277 86
2363 13
2376 14
2390 42
2432 39
2471 35
2506 28
2534 7
2534 61
2541 124
2665 29
2199 535
2734 3
2737 42
2779 4
2506 333
2595 295
2471 452
2890 65
2390 597
2987 44
3031 2
3033 22
3055 18
3031 124
3155 2
2390 840
3230 8
3238 29
3267 27
3294 7
2734 597
3331 55
3386 11
3397 45
3442 17
2167 1308
3230 323
3553 60
3613 4
3617 6
2665 1060
3725 23
3748 5
3753 24
3613 230
3230 643
3873 50
3923 25
3923 34
3957 39
3386 643
3238 840
2890 1197
4087 57
4144 3
4144 22
4166 42
4208 61
3753 531
4284 29
3923 469
4392 39
4313 149
4431 61
4492 23
4515 28
4147 452
4431 194
4625 3
4628 34
3923 806
4087 675
4462 333
3753 1063
4816 1
4816 55
4871 44
4915 19
3753 1211
4599 434
5033 10
5043 18
4628 469
4795 348
4431 749
5180 3
5183 4
5187 45
5232 84
5316 17
3553 1827
5333 62
5395 61
5456 8
5464 60
5524 3
5527 42
5569 23
5592 1
4729 931
4795 931
5726 19
5726 65
5791 29
5791 62
5660 223
5883 28
5911 29
5464 535
5940 74
6014 34
6014 86
6100 8
6100 57
3157 3031
4817 1387
6014 223
6237 20
6237 35
6257 24
6281 48
5726 624
6350 57
6281 194
6475 20
5569 996
6565 20
4964 1664
6495 149
6644 35
6679 12
6691 14
6691 23
6679 124
6803 53
6856 4
6860 23
6860 44
6644 333
3753 3267
7020 6
7026 45
7071 29
5593 1516
7109 44
7153 5
7158 34
5569 1661
7230 8
7192 149
7341 29
6977 452
7429 14
7443 28
5791 1711
6475 1063
7538 34
7100 508
7608 34
7642 42
7684 8
6157 1607
7764 8
7471 333
7804 55
7859 41
7900 25
7925 12
7937 8
7937 23
5592 2471
8063 28
8091 5
8091 45
8136 60
7692 535
8227 35
8227 44
8271 57
8328 39
8367 10
8377 4
7900 535
8435 3
8438 48
8486 25
8486 65
8551 27
8578 7
8262 434
8696 12
8708 1
7945 840
8785 5
8785 74
8790 84
8874 2
8874 39
8859 84
8943 86
8943 124
9067 17
9084 19
9084 35
9119 1
9029 149
7859 1373
9232 35
9267 28
9295 22
8709 666
8943 469
9412 14
9426 18
8435 1087
7937 1621
9558 42
6585 3031
9616 17
9633 55
9600 124
9724 35
9724 44
9768 2
9768 74
9842 41
9883 34
9067 896
9963 24
