2977
1 1
2 1
2 2
4 1
4 3
4 4
8 2
10 2
8 5
13 1
8 7
8 8
16 1
17 1
16 3
19 1
19 2
21 3
21 5
26 3
16 15
16 16
32 1
33 1
32 3
35 1
35 2
37 2
31 10
41 4
45 3
32 17
32 19
51 5
51 8
32 31
32 32
64 2
64 3
67 2
69 1
70 1
67 5
67 7
74 2
76 3
76 4
74 7
81 1
74 10
84 5
89 2
74 18
92 1
93 1
93 4
92 7
99 2
67 35
102 1
103 2
103 3
106 1
107 1
108 8
102 15
117 8
64 63
64 64
128 8
136 4
140 5
136 10
127 21
128 21
149 1
150 3
150 4
149 7
156 4
156 7
163 8
171 2
173 1
173 2
102 74
176 1
177 1
177 2
149 31
180 5
176 10
128 63
191 2
193 2
193 5
186 16
202 4
202 10
212 5
217 3
220 1
212 14
212 18
230 8
193 49
242 4
185 63
248 2
248 5
242 12
128 127
128 128
256 3
259 1
259 12
256 18
256 21
277 1
277 2
277 4
256 31
287 3
256 35
291 2
293 2
295 2
291 7
298 3
291 13
304 1
291 19
310 2
312 5
304 15
304 18
322 12
334 3
322 21
343 5
291 59
350 2
352 3
352 15
367 4
304 74
378 5
378 8
322 67
389 8
304 102
406 16
397 31
397 36
406 31
256 191
447 5
447 7
454 1
437 19
455 10
456 13
456 21
477 8
437 49
486 2
488 2
488 4
304 191
495 5
500 8
508 2
256 255
256 256
512 1
512 4
516 1
516 7
517 7
524 15
516 29
516 51
516 56
572 5
512 74
586 4
590 3
586 19
586 29
511 105
586 31
617 4
617 10
627 1
627 2
586 49
629 15
635 16
651 18
669 10
651 35
629 59
686 8
686 13
511 193
704 4
708 7
704 18
722 3
722 15
737 4
586 156
742 5
737 14
737 17
629 136
511 259
770 2
742 34
770 7
777 17
777 19
777 20
777 26
797 13
810 13
797 29
826 1
777 51
827 12
777 72
770 84
586 277
863 2
863 5
586 287
873 2
873 3
586 291
877 1
877 4
877 10
887 4
877 19
896 1
897 2
897 5
887 18
905 1
905 3
902 14
905 19
897 32
929 4
933 21
924 32
512 447
959 10
969 1
959 15
959 17
970 15
976 13
989 3
992 1
970 31
1001 4
1001 5
989 18
1007 7
1007 8
1014 7
512 511
1023 21
1044 13
1057 1
1057 3
1057 8
1065 3
1068 7
1075 1
1065 15
1080 2
1080 14
1094 17
863 277
1023 149
1172 1
1140 56
1172 26
1198 3
1198 14
1212 10
1172 51
970 255
1225 2
976 256
1232 3
1235 1
1172 67
1235 15
1250 4
1232 49
989 298
1287 7
1232 64
1239 59
1298 3
1298 5
1298 8
1298 14
1306 8
1306 17
1323 5
1323 21
1298 51
1349 2
1351 14
1365 8
1365 16
1306 93
1399 14
1298 117
1415 3
1296 128
1424 3
1424 4
1428 3
1298 136
1428 17
1434 17
1451 12
1451 20
1298 176
1474 2
1474 19
1415 84
1499 17
1499 32
1531 12
1474 72
1298 255
1546 13
1559 8
1298 277
1474 117
1591 4
1553 49
1602 21
1591 33
1559 71
1602 31
1575 69
1644 2
1646 14
1646 39
1591 97
1688 3
1691 19
1644 74
1718 3
1688 45
1733 24
1602 156
1688 81
1769 8
1057 722
1779 4
1779 13
1779 20
1799 17
1816 3
1819 2
1239 586
1825 14
1825 16
1816 32
976 873
1849 3
1852 26
1849 32
1881 14
1895 2
1799 140
1895 49
1881 67
1948 1
1948 7
1758 202
1960 16
1023 959
1982 1
1983 5
1982 10
1992 4
1852 154
1982 33
2015 3
1849 177
2015 17
1982 51
2033 3
1023 1023
2046 3
2046 26
2026 59
2046 41
2046 59
2085 26
2105 7
2105 15
2111 31
2112 35
1198 959
2157 15
2157 26
2157 31
2033 156
2189 1
2049 180
2229 1
2229 5
2234 7
2241 4
2245 1
2246 35
2229 56
2285 13
2298 4
2298 10
2308 2
2298 13
2229 84
2311 8
2313 10
2285 51
2336 1
2049 304
2353 3
2356 17
2356 19
2375 21
2353 51
2396 31
2404 32
2313 128
2441 16
2189 274
2285 193
2478 12
2353 193
2546 1
2546 13
2087 486
2573 10
2583 16
2573 32
2583 56
2639 8
2356 322
2639 48
2687 3
2189 512
2678 67
2353 406
2759 5
2764 7
2759 20
2759 76
2835 26
2478 397
2875 3
2875 18
2835 92
2835 149
2984 7
2759 274
3033 12
2026 1044
3070 26
2157 970
3127 5
3070 69
3070 80
3132 29
2759 406
3165 45
3165 67
3210 26
3070 177
3070 193
3263 19
3247 41
3033 259
3292 33
3263 67
3325 59
3292 93
3385 2
3292 106
3387 35
3398 81
3422 74
2759 742
3501 21
3522 45
3567 99
3567 117
3522 171
3263 447
3666 71
3710 51
3710 67
2441 1349
3777 19
3501 298
3799 32
3501 355
3799 63
2049 1825
3874 5
3862 21
3862 56
3918 1
3919 21
3918 36
3874 92
3247 725
3972 4
3972 41
3862 186
4048 4
4052 14
2049 2033
2049 2046
4095 3
4095 18
4113 19
4132 1
4133 18
4132 31
4082 117
3799 406
4199 12
4199 17
4205 20
4225 8
2229 2006
4235 15
4250 2
3874 389
4263 4
4267 12
4235 80
4315 13
3874 455
4315 20
4329 41
4335 41
4095 298
3799 621
4420 16
4393 49
4420 84
2835 1688
4523 33
4329 230
4559 13
4095 486
4095 495
4590 51
4641 32
4590 99
4689 31
4720 5
4095 635
4725 14
3501 1239
4740 1
4740 4
4744 14
4744 35
4758 106
4725 146
4871 20
4891 5
4871 32
3033 1881
4914 21
4082 854
4936 15
4689 277
4966 69
4095 970
5035 84
5065 70
3966 1198
4936 255
5191 2
5191 29
5164 117
4936 386
5322 20
5322 35
5322 99
5421 24
5421 26
5421 35
5456 33
4744 765
4740 770
5510 13
5510 17
5281 304
5585 13
3799 1825
5598 49
5585 67
5652 4
5624 41
5527 163
4740 969
5690 41
5665 81
4740 1044
5784 8
5709 105
5784 56
5527 319
5746 106
5852 37
5852 56
5852 76
5846 106
5846 136
5840 150
5990 32
5852 185
5852 193
6045 3
5990 64
4095 1982
6077 4
6077 19
6096 13
6109 1
6096 70
6166 8
6048 148
6054 154
6077 140
6208 32
5665 577
6242 20
6240 45
5840 452
6292 21
6313 81
6077 352
6429 41
6077 437
6514 17
6429 127
6470 102
6514 81
6595 67
6595 69
6664 45
6664 70
6734 93
6514 350
6827 67
6894 33
5746 1198
6734 248
6982 45
6982 97
6944 140
7084 97
7181 13
6864 389
7253 2
7253 92
7345 92
7437 102
6944 616
5527 2087
6982 722
6514 1235
7749 31
5952 2032
7984 7
7614 386
8000 16
6827 1198
8025 2
8027 67
6514 1591
8105 14
8105 29
4095 4095
8190 3
8193 3
4581 3790
8193 217
8193 278
8193 290
8193 343
7749 854
4689 3966
8655 128
8783 29
6664 2229
8193 704
8897 67
8964 32
8964 74
8193 863
8105 989
8893 287
8964 260
9056 177
8193 1239
9432 185
8371 1415
9617 212
9056 897
9953 29
9953 71
8897 1140
10037 13
10050 1
10050 37
10050 105
10050 149
9982 242
10024 260
10050 287
9617 722
9617 777
10339 102
7614 2835
10394 140
9432 1140
10534 49
10583 17
10572 63
10583 105
6077 4740
10817 33
10635 322
10534 488
10635 512
10635 590
11225 35
10572 854
10534 969
11503 41
10957 826
11783 4
11787 13
11783 36
10583 1399
11982 1
6217 6077
11783 539
10572 1849
12421 4
9432 3033
12465 32
10339 2234
12497 128
11983 704
12465 367
12832 12
9432 3501
12933 14
12421 686
13107 35
13107 72
13142 94
13107 180
12933 617
13550 34
13550 37
13587 92
13584 107
13587 163
13750 238
13988 79
14067 35
9953 4199
13550 704
14254 7
14261 14
12933 1474
14407 105
13550 1023
14573 304
14275 616
14512 605
12933 2189
14261 1057
14275 1044
15122 212
14254 1287
12465 3139
15122 516
15638 51
15638 99
15638 545
12421 3799
8193 8190
16383 93
16383 290
16673 32
16673 63
16673 93
16705 70
16673 127
16673 148
16821 33
16854 4
16821 74
16220 722
16895 193
16821 378
17199 18
17217 17
16736 1172
17217 863
18080 254
16383 1960
16821 2015
18836 18
15604 3292
16821 2229
19050 69
19119 220
16673 2759
15638 4013
19432 312
16942 3210
19432 959
20391 34
20152 301
20453 212
19432 1688
20391 849
21120 277
19432 2356
21788 37
21240 635
21825 51
19119 2759
21788 94
21878 29
21907 91
21120 1225
21878 512
16383 6077
22460 281
22741 616
22460 905
23365 191
22460 1232
22460 1298
23758 154
23912 72
23758 389
22390 2087
24147 517
22460 2353
24813 1080
24813 1198
24477 1996
26011 621
26632 93
26632 271
26011 896
24813 2105
26918 254
26918 260
27172 107
27178 406
16383 11426
26918 1060
27978 256
26632 1691
27279 1296
28234 500
26907 1852
19119 9786
26918 2835
27809 2188
27809 2285
24664 6514
29753 1779
31532 102
26918 4740
31658 106
31532 887
31658 828
16383 16383
32766 3
23365 9617
32769 290
32769 976
31658 2311
33745 477
33745 873
34618 355
34618 1007
35625 16
35625 69
32766 3070
34618 1296
35641 406
36047 56
32982 3165
35914 456
36370 221
34973 2311
35914 1983
36103 2018
35914 2478
38392 173
35625 3096
38392 590
24664 14512
38392 1196
38392 1306
39698 371
40069 823
34618 6514
41132 102
26907 14573
41132 669
24813 17199
42012 737
42012 849
42749 469
39588 3856
42012 1434
43446 629
43446 876
43446 1546
43446 1575
45021 277
44322 1225
45021 989
45021 1349
46370 627
44075 3398
42012 5624
47636 383
36370 12844
47636 1602
47636 2087
47636 2188
49824 500
47636 2701
50337 103
50440 929
34618 16895
51513 1057
52570 905
34618 19050
34618 19432
53668 873
54050 2157
50324 6054
56378 153
56378 742
56207 1082
56378 1068
56207 1758
56207 2285
58492 45
58537 488
59025 1691
59025 1721
58492 3387
61879 202
57965 4315
61879 572
62451 260
56207 6864
63071 651
63071 1493
64564 406
62451 2701
64564 629
32769 32766
65535 260
65535 877
63071 4523
65535 4082
69617 1531
71148 488
50440 21397
69617 2678
72295 248
72543 174
72543 295
72295 3422
54050 21788
75838 179
75838 1065
76903 2547
72543 7027
76903 2690
65535 14067
75717 4335
79593 1005
79602 2559
72295 10339
82634 577
66412 17217
72295 11426
45021 39698
45021 41234
69617 16821
65535 22460
87995 1848
87995 1852
89847 1418
89847 2015
91862 688
87995 5784
93779 48
93779 319
94098 149
94098 1531
66412 29753
96165 177
96342 12
94098 2298
96396 933
93779 4263
93779 5746
99525 1783
101308 317
99525 3862
91862 12625
87995 17199
105194 108
105302 490
105194 2353
107547 1076
94247 16383
87995 23758
107547 4370
87995 24813
112808 1451
114259 803
112808 2441
112808 2463
115271 669
110630 5840
115271 1428
116699 433
115271 3139
118410 1082
118410 1624
118410 2404
115271 5852
87995 33745
121740 242
121982 2984
124966 20
121740 3966
125706 3
125709 217
125709 873
125706 970
126676 1287
127963 127
105302 24147
128090 2112
130202 708
65535 65535
131070 3
131073 974
132047 1225
131073 3033
134106 146
132047 2701
134106 1399
133272 3972
137244 175
137244 1254
137419 1476
135505 3777
139282 839
139282 954
139282 1328
132047 10534
125926 16895
140610 5652
131073 16673
147746 2230
149976 150
150126 1623
147746 6394
147746 6944
154690 428
147746 9056
156802 897
157699 3831
105792 56378
161530 1094
157699 5421
156802 7780
164582 621
164582 754
131073 34618
164582 1825
165691 4523
165691 4689
170380 1373
170380 4216
170380 6313
176693 1075
177768 485
165691 15122
180813 454
181267 455
181722 908
181722 4376
181722 4725
186447 1944
188391 180
186447 2490
186447 3288
189735 621
186447 5065
191512 2396
181722 13584
195306 91
131073 66412
139282 59025
197485 2457
131073 69617
200690 644
201334 422
200690 1172
201862 107
201862 621
201969 1250
200690 3874
203219 2026
204564 1733
204564 2313
174596 34222
206877 3496
200690 10394
206877 4581
211458 10
211458 510
211968 810
206877 6037
204564 8964
213528 310
213838 1006
213838 1451
210373 5523
201862 14512
216374 616
216374 827
216374 2032
131073 87995
219068 5119
219068 5656
219068 5990
225058 1769
226827 31
225058 4205
229263 260
154690 75838
229263 2147
219068 13550
232618 916
233534 875
232618 6240
238858 334
232618 6595
238858 776
239213 1014
219068 21788
240856 242
240856 1553
239213 4725
240856 6081
243938 4442
242409 8893
251302 293
251595 686
252281 2927
252281 4335
252281 8603
131073 131070
262143 36
262143 1881
262143 2033
264176 1212
262143 3874
147746 118410
266017 974
266156 1415
267571 89
266991 887
267878 615
268493 2337
262143 9432
271575 865
272440 72
271575 1960
273535 868
271575 5510
277085 2546
277085 3045
279631 891
280522 80
280522 490
280522 616
281138 1201
279631 4641
284272 492
284272 876
285148 1841
286989 452
286989 1301
284272 4966
289238 278
289238 2246
289238 2308
291546 593
279631 12947
292578 1816
291484 3292
271575 31658
303233 2026
305259 178
305259 1646
305437 3567
306905 2605
305259 6045
309510 2189
177768 134106
311304 586
311890 66
311956 293
311890 776
311890 1314
305259 10037
315296 1895
317191 1344
288290 31634
318535 4891
323426 2771
326197 2319
318535 12573
317191 13988
331179 902
305259 27809
331179 2105
333068 699
333068 1312
334380 1080
334380 4199
338579 1939
340518 708
341226 455
279631 65193
206877 139282
305259 41480
305259 44992
350251 297
344824 5982
305259 46010
346159 6242
351269 2375
351269 9094
303233 58492
361725 725
362450 2323
364773 99
361725 4936
366661 1996
366661 2111
366661 3150
369811 195
271575 105194
376769 1948
366661 12933
379594 305
379899 140
379594 826
379594 1852
262143 121740
383883 246
334380 50337
384717 198
376769 10600
387369 7079
387369 8410
383883 13107
396990 156
396990 2745
383883 17088
400971 1427
400971 1821
400971 2006
402977 101
402977 4013
402977 4673
406990 2875
409865 1023
400971 10635
411606 1799
411606 5322
416928 3127
420055 1254
400971 21120
422091 796
422091 1007
423098 149
422887 4151
422091 6054
427038 1819
428145 2687
430832 1897
318535 115249
433784 715
434499 747
428145 8483
413405 23357
400971 35914
436885 1173
436885 3070
439955 1559
400971 41132
442103 3398
442103 3799
445902 1721
445902 2336
445902 3292
449194 1819
451013 160
449194 5191
445501 12933
454385 5447
459832 2072
262143 201862
464005 173
464005 1543
464005 4871
464005 4914
468919 171
464005 5489
464005 5665
469670 899
469670 1060
469090 1949
353644 121123
470730 4132
474862 708
474862 985
475847 1111
474767 2241
464005 16476
480481 136
262143 219068
481211 2678
284764 201334
481211 8996
481211 9829
491040 956
491040 3132
491040 7345
494172 7539
501711 1792
480481 23758
498385 7084
505469 6572
498385 14275
481211 31634
512845 343
512660 1591
513188 3684
516872 523
512845 10050
262143 262143
524286 3
524289 3954
266156 262143
528299 737
524289 5814
530103 1424
528299 3236
530103 1878
524289 7749
532038 2241
534279 539
534279 1445
524286 13550
532038 10583
542621 2639
545260 1021
532038 14254
546292 4048
546292 4935
546292 6470
552762 1281
552762 2120
400971 154690
555661 2647
555661 4315
559976 2302
562278 4113
566391 3384
566391 5357
571748 4504
559976 16854
524289 54050
578339 107
578339 238
578577 21
578339 3522
531981 50337
582318 794
581861 6262
588123 3325
578339 13587
591926 2457
591926 3796
595722 4211
599933 1685
595722 5952
578339 23365
578339 26011
604350 1415
605765 970
605765 8119
605765 10957
616722 741
616722 5690
616722 6734
623456 3330
616722 12832
629554 1351
630905 1816
604350 29753
634103 1839
383883 252281
634103 2234
636337 469
636806 2190
636806 11260
604350 45021
387369 262143
649371 508
649371 3918
604350 49723
604350 49824
634103 20453
604350 50337
480481 174596
654687 397
649512 10534
655084 5342
654687 10024
578339 86438
664777 3282
664777 5164
669941 89
670030 2172
669941 4225
674166 1303
675469 150
675469 279
675748 877
669941 6894
664777 12933
677710 1777
677710 2404
677710 5527
677710 8897
655077 35914
686607 9982
686607 12844
699451 63
699451 3139
699451 3972
686607 16942
703549 1227
686607 19119
705726 3263
705726 6664
712390 11544
677710 46997
724707 1223
677710 51513
729223 35
729223 6208
735431 206
735431 6285
729223 13750
742973 179
729223 18836
748059 4559
752618 1212
748059 6982
729223 26907
756130 433
756130 1992
756130 4720
760850 128
760850 2036
762886 1463
760850 3856
760850 6292
767142 3976
756130 16220
772350 186
772350 6109
772350 6242
449194 338579
756130 32982
789112 878
789112 1001
664777 125706
790113 6242
699451 98042
797493 567
796355 6081
796355 6096
802451 253
802451 2147
790483 14261
804744 4133
808877 1413
804744 7560
790483 23692
814175 79
814254 145
814175 881
808877 6827
815056 1431
815056 2875
814175 5840
820015 80
820095 1988
817931 4951
822882 337
820015 4235
817931 9180
824250 4951
829201 1567
830768 1660
542621 291484
790483 53668
844151 1323
845474 5982
851456 4163
851456 4267
844151 14407
858558 969
859527 765
858558 4335
860292 3761
860292 7181
859527 9953
859527 12421
871948 3879
871948 4420
876368 1630
871948 9617
862893 19651
881565 4052
881565 4329
881565 4903
886468 1531
887999 2599
887999 4048
885894 11147
885894 13287
881565 21397
902962 82
902962 5709
908671 24
908671 737
909408 1718
911126 1365
911126 2404
909408 6217
623456 294394
917850 2427
915625 4896
915625 6166
915625 6662
920521 3919
924440 628
902962 31764
934726 2764
937490 39
934726 5846
940572 751
940572 1015
941587 1222
941587 1236
940572 3790
944362 1633
945995 5489
699514 252281
945995 11787
945995 17908
945995 20152
966147 694
966841 2991
881565 91862
973427 7437
636337 351269
987606 350
973427 16705
990132 9224
524289 481211
1005500 3096
1005500 10394
1005500 10572
1016072 4590
1020662 456
1021118 3919
1025037 125
1020662 9233
1029895 7539
1005500 33745
1029895 10600
1029895 11503
1041398 94
1041492 3232
830768 214844
524289 524286
1048575 2573
1051148 3693
1048575 12465
1061040 5731
1061040 12425
973427 101308
1061040 15604
1076644 2373
1076644 5193
1076644 6827
1083471 4393
1083471 7027
1083471 10224
1076644 24664
1101308 195
1061040 43446
1104486 116
1104486 545
1105031 14067
1119098 2281
1104486 18080
1122566 1298
1122566 1955
1124521 1976
1122566 10087
1122566 10199
1122566 10817
1133383 679
1076644 57965
1104486 31178
1104486 35836
1140322 1644
1104486 42861
1147347 2436
1147347 5220
1061040 93779
1154819 1595
1048575 111753
829201 333068
1160328 2085
767142 396990
1162413 3210
1162413 8000
1170413 8094
1093695 86255
1160328 37897
1198225 2779
1201004 924
1201928 5792
1201004 8371
1160328 50440
1210768 772
1211540 1005
1048575 165691
1214266 452
1214718 11819
1226537 1058
1214266 31532
1245798 2311
1048575 200690
1249265 513
1249778 6556
1245798 11819
1249265 9786
1259051 5647
1259051 6022
1265073 485
1249265 24147
1249265 26918
1273412 3796
1277208 10284
1276183 14891
1276183 15737
1291920 13679
1291920 14877
1291920 16800
1308720 2893
1276183 35625
1311808 3710
1315518 3161
1315518 4739
1320257 5509
1320257 7991
1276183 52570
1328753 4393
1333146 12625
1333146 17217
1350363 2583
1352946 4098
1352946 4233
1352946 6048
1357044 2310
1358994 8812
1328753 39698
1368451 4436
1372887 3737
1372887 7704
1368451 15689
1384140 3666
1384140 10850
1394990 6196
1394990 8536
1384140 22390
1406530 2559
1368451 49238
1417689 1516
1417689 8134
1425823 5445
1425823 8655
1434478 348
1434826 5456
1440282 7194
1328753 132047
1460800 992
1461792 2861
1461792 15541
1477333 524
1477857 11225
1460800 32486
1493286 3247
1493286 7253
1500539 6709
1276183 232618
1276183 240856
1517039 2310
1135664 384915
1249265 271575
1520840 186
1521026 4252
1521026 8105
1529131 5523
1529131 6429
1535560 230
1535560 1499
1521026 21907
1537059 6531
1537059 7255
1537059 7614
1535560 9953
1545513 4370
1549883 2878
1552761 10441
1549883 14152
1564035 3236
1520840 47636
1568476 9180
1577656 4903
1568476 22741
1591217 3883
1591217 4420
1591217 21878
1613095 19339
1613095 20391
1633486 5908
1591217 56378
1591217 59025
1647595 4951
1652546 4864
1591217 83721
1276183 400971
1674938 4581
1679519 6174
1685693 4066
1679519 12294
1691813 389
1679519 15334
1694853 4328
1694853 5135
1520840 180813
1701653 2018
1703671 2049
1249265 464005
1713270 1471
1577656 140610
1713270 10534
1723804 11022
1734826 1068
1734826 4744
1734826 5585
1740411 10051
1740411 15318
1740411 20665
944362 820095
1734826 45298
1521026 262143
1780124 10024
1790148 8027
1713270 94098
1807368 14102
1821470 4741
1807368 27178
1834546 605
1835151 19744
1854895 5035
1807368 64564
1871932 226
1872158 11800
1872158 12687
1871932 13142
1871932 27978
1899910 220
1899910 4779
1904689 6110
1871932 51369
1923301 5928
1929229 5598
1871932 63722
1871932 96396
1871932 116699
1871932 120814
1871932 134106
2006038 36103
2006038 43218
2049256 250
2006038 64970
1713270 361725
2074995 3940
2074995 8471
2074995 12497
1713270 383883
2087492 13587
1734826 378717
2097153 17234
2114387 21240
2114387 39176
2153563 20425
2097153 76903
2174056 1381
2097153 98042
2195195 28905
2224100 3799
2224100 13179
2237279 1757
2097153 147746
2244899 1424
2246323 3045
2246323 4250
2250573 9038
2259611 993
2260604 8016
2250573 22345
2246323 35641
2244899 56207
2301106 1201
2301106 3165
2304271 10688
2304271 26473
2301106 36370
1256334 1087864
2337476 13691
2337476 20453
2337476 23556
2361032 8783
2369815 2183
2361032 16736
2377768 2142
2379910 465
2301106 82634
2379910 4329
2383740 49214
2432954 1294
2383740 57965
2441705 4279
2445984 4758
2441705 18334
2441705 34973
2476678 13236
2476678 16766
2476678 21907
2476678 43444
2520122 4572
2476678 83211
1821470 752618
2559889 21876
2581765 28734
2441705 181267
2622972 2245
2625217 65152
2690369 28575
2625217 97329
2722546 11783
2625217 124986
2750203 8196
2622972 137244
2622972 165336
2788308 3567
2791875 83629
2791875 94247
2886122 12322
2886122 38565
2301106 634103
2301106 654174
2955280 6982
2962262 27584
2955280 72838
3028118 79450
2955280 154690
3109970 27172
3109970 28323
2249368 897041
3138293 19651
3109970 62081
3172051 54541
3172051 120034
3292085 21825
3313910 15117
3313910 26725
3172051 176693
3109970 239213
3349183 36147
3349183 41801
3109970 333068
3443038 40069
3483107 79593
3562700 21875
3562700 37284
3443038 157699
2097153 1520840
3617993 18854
3617993 32419
3617993 39588
3617993 41234
3659227 24477
3683704 6927
3659227 38392
3697619 36591
3697619 62451
3760070 44075
3697619 170214
3867833 4556
3617993 266017
3884010 797
3884010 197485
4081495 26903
4108398 29997
4138395 10337
4081495 112808
4194303 1710
4196013 10155
4194303 60746
4255049 311874
4194303 411606
4605909 57289
4605909 62711
4605909 251302
4857211 36047
4893258 211468
4857211 285148
4857211 534279
4194303 1214266
5408569 1357044
5408569 1835151
5408569 2244899
7653468 494172
7653468 578339
8231807 156802
8388609 266991
8655600 664777
9320377 790483
10110860 844151
10955011 1160328
12115339 376769
12492108 814175
13306283 677710
13983993 1276183
15260176 1517039
16777215 1701653
18478868 729223
19208091 604350
19812441 858558
20670999 267878
20938877 1061040
21999917 1016072
23015989 400971
23416960 442103
23859063 756130
24615193 445902
25061095 303233
25364328 1154819
26519147 72295
26591442 3659227
30250669 42012
30292681 1568476
31861157 654687
32515844 436885
32952729 601704
33554433 1521026
35075459 859527
35934986 1591217
37526203 4730
37530933 1020662
38551595 480481
39032076 820015
39852091 871948
40724039 469670
41193709 449194
41642903 1529131
43172034 532038
43704072 264024
43968096 881565
44849661 2301106
47150767 2955280
50106047 277085
50383132 1674938
52058070 63071
52121141 170380
52291521 99525
52391046 103387
52494433 89847
52584280 1508801
54093081 422091
54515172 973427
55488599 1210768
56699367 2074995
58774362 1328753
60103115 3109970
63213085 1015894
64228979 546292
64775271 654073
65429344 1679519
67108863 50324
67159187 1104486
68263673 3697619
71961292 445501
72406793 1273412
73680205 126676
73806881 1029895
74836776 1198225
76035001 305259
76340260 164582
76504842 439955
76944797 216374
77161171 1535560
78696731 902962
79599693 3385
79603078 2246323
81849401 2195195
84044596 649371
84693967 1460800
86154767 133272
86288039 1147347
87435386 2935209
90370595 1368451
91739046 14573
91753619 2383740
94137359 46370
94183729 1493286
95677015 366661
96043676 724707
96768383 1245798
98014181 242409
98256590 125709
98382299 686607
99068906 115271
99184177 351269
99535446 350251
99885697 552762
100438459 1311808
101750267 84719
101834986 2337476
104172462 705726
104878188 346739
105224927 379594
105604521 1417689
107022210 279631
107301841 75838
107377679 3443038
110820717 789112
111609829 3867833
115477662 1807368
117285030 28759
117313789 86255
117400044 2441705
119841749 4605909
124447658 23357
124471015 61879
124532894 15638
124548532 1333146
125881678 591926
126473604 554882
127028486 26632
127055118 218406
127273524 204564
127478088 876368
128354456 225058
128579514 121123
128700637 1871932
130572569 3349183
133921752 58537
133980289 23912
134004201 213528
134217729 416928
134634657 121982
134756639 292578
135049217 772350
135821567 760850
136582417 206877
136789294 1703671
138492965 2304271
140797236 712390
141509626 127963
141637589 2174056
143811645 605765
144417410 201969
144619379 2622972
147242351 616722
147859073 804744
148663817 1214718
149878535 315296
150193831 284272
150478103 1140322
151618425 30094
151648519 2361032
154009551 2006038
156015589 1051148
157066737 135505
157202242 636337
157838579 3760070
161598649 115249
161713898 3172051
164885949 23984
164909933 683237
165593170 1650242
167243412 273535
167516947 1291920
168808867 181722
168990589 3600737
172591326 512845
173104171 934726
174038897 1141966
175180863 1545513
176726376 4857211
181583587 703549
182287136 118410
182405546 1308720
183714266 1201004
184915270 908671
185823941 65193
185889134 2377768
188266902 402977
188669879 75717
188745596 2476678
191222274 629554
191851828 1350363
193202191 195306
193397497 758122
194155619 3657581
197813200 748059
198561259 134748
198696007 1694853
200390860 1537059
201927919 824250
202752169 630905
203383074 1425823
204808897 468919
205277816 311304
205589120 72543
205661663 186447
205848110 1723804
207571914 1076644
208648558 708989
209357547 491040
209848587 623456
210472043 669941
211141984 213838
211355822 845474
212201296 664711
212866007 114259
212980266 311890
213292156 2114387
215406543 454385
215860928 2559889
218420817 1992746
220413563 909408
221322971 206297
221529268 362450
221891718 2788308
224680026 1162413
225842439 742973
226585412 1500539
228085951 2302307
230388258 60716
230448974 581861
231030835 542621
231573456 1714741
233288197 940572
234228769 191512
234420281 92550
234512831 815056
235327887 2281964
237609851 289238
237899089 767142
238666231 915625
239581856 428145
240010001 448238
240458239 1041398
241499637 944362
242443999 723934
243167933 1315518
244483451 778592
245262043 251595
245513638 128090
245641728 1647595
247289323 1101308
248390631 1988631
250379262 71148
250450410 735431
251185841 1209375
252395216 945995
253341211 1535790
254877001 420055
255297056 551227
255848283 313204
256161487 1352946
257514433 1968328
259482761 885894
260368655 107547
260476202 1135664
261611866 212914
261824780 229263
262054043 413405
262467448 812304
263279752 790113
264069865 139282
264209147 334380
264543527 1434478
265978005 21882
265999887 550340
266550227 578577
267128804 1040495
268169299 266156
268435455 3138293
271573748 1083471
272657219 1122566
273779785 676835
274456620 93827
274550447 268493
274818940 555661
275374601 470730
275845331 294394
276139725 990132
277129857 1734826
278864683 498385
279363068 1259051
280622119 699451
281321570 317191
281638761 512660
282151421 1935654
284087075 696589
284783664 1384140
286167804 2224100
288391904 1699988
290091892 226827
290318719 11982
290330701 124966
290455667 1544673
292000340 796355
292796695 530103
293326798 764706
294091504 490207
294581711 3884807
298466518 1834546
300301064 331179
300632243 1496533
302128776 1133383
303262159 860292
304122451 189735
304312186 1923301
306235487 537836
306773323 911126
307684449 2520122
310204571 4108398
314312969 360363
314673332 1170413
315843745 8025
315851770 42749
315894519 820095
316714614 210373
316924987 3479
316928466 822083
317750549 338579
318089128 215289
318304417 522895
318827312 829201
319656513 2250573
321907086 1780124
323687210 1320257
325007467 814254
325821721 5391490
331213211 1577656
332790867 252281
333043148 1613095
334656243 7243720
341899963 267571
342167534 378717
342546251 369811
342916062 211458
343127520 1790148
344917668 229523
345147191 125926
345273117 5281
345278398 622412
345900810 163120
346063930 703423
346767353 89843
346857196 937490
347794686 161530
347956216 1406530
349362746 802451
350165197 2760216
352925413 101308
353026721 3028118
356054839 396990
356451829 11983
356463812 632721
357096533 1021118
358117651 559976
358677627 436628
359114255 10449
359124704 1595637
360720341 554043
361274384 387369
361661753 3348744
365010497 2113543
367124040 318535
367442575 344824
367787399 3292085
371079484 1409089
372488573 174596
372663169 1394990
374058159 903044
374961203 505469
375466672 1783169
377249841 331108
377580949 34222
377615171 2369815
379984986 3483107
383468093 752618
384220711 802436
385023147 280522
385303669 655084
385958753 1691813
387650566 2087492
389738058 1899910
391637968 653289
392291257 674166
392965423 270830
393236253 3137142
396373395 134252
396507647 912491
397420138 306905
397727043 1008596
398735639 595722
399331361 725930
400057291 2237279
402294570 1093695
403388265 2432954
405821219 1081837
406903056 1929229
408832285 312666
409144951 922287
410067238 1419205
411486443 5142359
416628802 333767
416962569 130202
417092771 1549883
418642654 1132765
419775419 576830
420352249 1507248
421859497 140610
422000107 2625217
424625324 2750203
427375527 332081
427707608 804598
428512206 649879
429162085 675469
429837554 1885074
431722628 588123
432310751 199942
432510693 1740411
434251104 851456
435102560 921791
436024351 1564035
437588386 899181
438487567 447623
438935190 1854895
440790085 1132653
441922738 2962262
444885000 48019
444933019 601674
444933019 1694853
446627872 238858
446866730 76017
446942747 469090
447411837 2175437
449587274 96165
449683439 1211540
450894979 384717
451279696 281138
451560834 528299
452089133 262179
452351312 1162269
453513581 741716
454255297 562278
454817575 38982
454856557 655077
455511634 1248109
456759743 535724
457295467 1358994
458654461 545260
459199721 468876
459668597 1345771
461014368 7984
461022352 284764
461307116 311956
461619072 1073465
462692537 649512
463342049 1461792
464803841 291546
465095387 214844
465310231 260884
465571115 3872389
469443504 115940
469559444 513188
470072632 2791875
472864507 368772
473233279 2272918
475506197 3313910
478820107 96342
478916449 855723
479772172 1124521
480896693 335460
481232153 380420
481612573 1403526
483016099 188937
483205036 8147640
491352676 1372887
492725563 1519349
494244912 188391
494433303 291484
494724787 154140
494878927 286989
495165916 451013
495616929 558308
496175237 1165623
497340860 1367806
498708666 243938
498952604 105302
499057906 18343
499076249 2886122
501962371 3683704
505646075 1291074
506937149 71636
507008785 980864
507989649 1105031
509094680 2722546
511817226 1119098
512936324 797493
513733817 264176
513997993 1090498
515088491 999356
516087847 430832
516518679 897041
517415720 4138395
521554115 4255049
525809164 2498585
528307749 670030
528977779 966147
529943926 566391
530510317 165203
530675520 675748
531351268 2357929
533709197 814399
534523596 211968
534735564 395779
535131343 1739570
536870913 1582559
538453472 1066771
539520243 1735894
541256137 57120
541313257 25893
541339150 1544314
542883464 817931
543701395 1201928
544903323 867473
545770796 2734329
548505125 323426
548828551 2460039
551288590 177768
551466358 27279
551493637 1249778
552743415 2351167
555094582 1121379
556215961 407650
556623611 212778
556836389 459832
557296221 256616
557552837 827111
558379948 130910
558510858 864053
559374911 2690369
562065280 2101079
564166359 778459
564944818 15319
564960137 381446
565341583 886468
566228051 680114
566908165 149976
567058141 987606
568045747 44322
568090069 887999
568978068 1934827
570912895 384915
571297810 1306797
572604607 126582
572731189 480617
573211806 2153563
575365369 474862
575840231 441514
576281745 571748
576853493 626786
577480279 1434826
578915105 226858
579141963 636806
579778769 591448
580370217 1477333
581847550 333284
582180834 16183
582197017 802704
582999721 105792
583105513 2493444
585598957 920521
586519478 3340635
589860113 1041492
590901605 569775
591471380 1152567
592623947 1357179
593981126 1179950
595161076 1123864
596284940 862893
597147833 394448
597542281 3329027
600871308 528243
601399551 370006
601769557 16858
601786415 186098
601972513 203219
602175732 1633486
603809218 340518
604149736 280602
604430338 171753
604602091 350806
604952897 516872
605469769 1277208
606746977 341226
607088203 729258
607817461 890598
608708059 248380
608956439 79602
609036041 1087864
610123905 762886
610886791 483889
611370680 4566923
615937603 531981
616469584 1149783
617619367 475847
618095214 246937
618342151 353644
618695795 941587
619637382 406990
620044372 233534
620277906 326197
620604103 704776
621308879 3157944
624466823 816487
625283310 1904689
627187999 1387806
628575805 1074735
629650540 1305599
630956139 2379910
633336049 162624
633498673 789990
634288663 111917
634400580 2380375
636780955 1949
636782904 808877
637591781 529036
638120817 1872158
639992975 3804145
643797120 364773
644161893 2581765
646743658 963903
647707561 676625
648384186 1134062
649518248 1265073
650783321 309510
651092831 755041
651847872 274403
652122275 1265558
653387833 2989846
656377679 1567271
657944950 668059
658613009 461904
659074913 1401186
660476099 1900130
662376229 3562700
665938929 578446
666517375 368657
666886032 1821470
668707502 328516
669036018 240227
669276245 96354
669372599 2227899
671600498 474767
672075265 1380591
673455856 599933
674055789 2330744
676386533 917850
677304383 471039
677775422 178253
677953675 3390984
681344659 613884
681958543 2071008
684029551 877998
684907549 198307
685105856 33059
685138915 57446
685196361 272440
685468801 941323
686410124 230528
686640652 305437
686946089 115062
687061151 491996
687553147 514251
688067398 379899
688447297 942823
689390120 1044724
690434844 1226537
691661381 1685693
693347074 1164132
694511206 384129
694895335 458434
695353769 1025037
696378806 606735
696985541 475570
697461111 869480
698330591 1639394
699969985 830768
700800753 28234
700828987 380039
701209026 690991
701900017 2249368
704149385 1328248
705477633 234409
705712042 1134609
706846651 6765613
713612264 289516
713901780 2314959
716216739 798060
717014799 1477857
718492656 91265
718583921 146262
718730183 1910799
720640982 217201
720858183 654556
721512739 465548
721978287 756563
722734850 1257617
723992467 188571
724181038 53475
724234513 4196013
728430526 702590
729133116 403078
729536194 38721
729574915 1212545
730787460 3226592
734014052 924440
734938492 2445984
737384476 699451
738083927 1045612
739129539 5889
739135428 2384239
741519667 2259611
743779278 531535
744310813 1884845
746195658 675619
746871277 576252
747447529 346159
747793688 2260604
750054292 1489082
751543374 82161
751625535 743152
752368687 1761076
754129763 1037434
755167197 4206168
759373365 309004
759682369 477008
760159377 1826211
761985588 16775
762002363 464178
762466541 208818
762675359 67594
762742953 1376624
764119577 2083466
766203043 3650412
769853455 855619
770709074 399735
771108809 312249
771421058 1025162
772446220 2875504
775321724 104487
775426211 4893258
780319469 162170
780481639 137419
780619058 422887
781041945 1699181
782741126 885617
783626743 753830
784380573 433784
784814357 2049256
786863613 3734210
790597823 908695
791506518 1227595
792734113 660426
793394539 3107568
796502107 427038
796929145 512041
797441186 72717
797513903 1520579
799034482 421309
799455791 4148732
803604523 1534654
805139177 1595100
806734277 211084
806945361 255208
807200569 3636847
810837416 636164
811473580 4668620
816142200 617463
816759663 3599984
820359647 65795
820425442 182630
820608072 942809
821550881 635942
822186823 913530
823100353 265388
823365741 1318679
824684420 438058
825122478 45547
825168025 1325766
826493791 402792
826896583 679487
827576070 1054841
828630911 155118
828786029 1440282
830226311 957782
831184093 1431268
832615361 1311613
833926974 190356
834117330 1859930
835977260 582318
836559578 33969
836593547 239192
836832739 2268620
839101359 1652546
840753905 1101503
841855408 2450742
844306150 3690631
847996781 110630
848107411 350548
848457959 1126497
849584456 2924687
852509143 409865
852919008 1677154
854596162 1764457
856360619 648066
857008685 119492
857128177 2489914
859618091 2042141
861660232 108623
861768855 672202
862441057 2524694
864965751 71837
865037588 3385330
868422918 201334
868624252 1207720
869831972 1632434
871464406 205245
871669651 882544
872552195 352401
872904596 436762
873341358 142581
873483939 1156414
874640353 815704
875456057 1798175
877254232 735637
877989869 1256334
879246203 925068
880171271 201756
880373027 1359354
881732381 292139
882024520 1287492
883312012 202483
883514495 40892
883555387 534818
884090205 2078935
886169140 771118
886940258 80052
887020310 822882
887843192 1464653
889307845 1552761
890860606 423098
891283704 1543590
892827294 1079017
893906311 951484
894857795 501711
895359506 1689759
897049265 517395
897566660 546281
898112941 215896
898328837 224724
898553561 476958
899030519 410888
899441407 142821
899584228 760978
900345206 966841
901312047 434499
901746546 195397
901941943 892047
902833990 364872
903198862 810290
904009152 101625
904110777 1039245
905150022 150126
905300148 2610499
907910647 239634
908150281 2239036
910389317 95629
910484946 451173
910936119 216990
911153109 5104726
916257835 832428
917090263 1692202
918782465 1525278
920307743 937529
921245272 772536
922017808 2135627
924153435 140236
924293671 281012
924574683 787773
925362456 470569
925833025 1718266
927551291 129449
927680740 241098
927921838 2758399
930680237 402398
931082635 2574088
933656723 435246
934091969 531527
934623496 56531
934680027 117132
934797159 486098
935283257 1447476
936730733 4663198
941393931 3584575
944978506 62280
945040786 503503
945544289 280130
945824419 282339
946106758 638996
946745754 341681
947087435 834105
947921540 583112
948504652 1657410
950162062 3146409
953308471 35694
953344165 140121
953484286 428857
953913143 151749
954064892 116470
954181362 294776
954476138 2344198
956820336 987956
957808292 288290
958096582 38121
958134703 193908
958328611 1755729
960084340 432729
960517069 18896
960535965 906
960536871 287441
960824312 2173988
962998300 1104602
964102902 699514
964802416 21998
964824414 1264698
966089112 1542933
967632045 319924
967951969 1563202
969515171 2434248
971949419 951795
972901214 79570
972980784 594383
973575167 267660
973842827 80598
973923425 578598
974502023 1883958
976385981 224187
976610168 1178507
977788675 47473
977836148 660046
978496194 138895
978635089 231410
978866499 875827
979742326 823219
980565545 423247
980988792 166407
981155199 311699
981466898 504239
981971137 920277
982891414 764349
983655763 1705720
985361483 2718944
988080427 969832
989050259 601618
989651877 1750462
991402339 469494
991871833 397146
992268979 138498
992407477 2898444
995305921 272512
995578433 2371998
997950431 2049506
