1000
1 1
2 1
3 1
4 1
5 1
6 1
7 1
8 1
9 1
10 1
11 1
12 1
13 1
14 1
15 1
16 1
17 1
18 1
19 1
20 1
21 1
22 1
23 1
24 1
25 1
26 1
27 1
28 1
29 1
30 1
31 1
32 1
33 1
34 1
35 1
36 1
37 1
38 1
39 1
40 1
41 1
42 1
43 1
44 1
45 1
46 1
47 1
48 1
49 1
50 1
51 1
52 1
53 1
54 1
55 1
56 1
57 1
58 1
59 1
60 1
61 1
62 1
63 1
64 1
65 2
67 1
68 1
69 1
70 1
71 1
72 1
73 1
74 1
75 1
76 1
77 1
78 1
79 1
80 1
81 1
82 1
83 1
84 1
85 1
86 1
87 1
88 1
89 1
90 1
91 1
92 1
93 1
94 1
95 1
96 1
97 1
98 1
99 1
100 1
101 1
102 1
103 1
104 1
105 1
106 1
107 1
108 1
109 1
110 1
111 1
112 1
113 1
114 1
115 1
116 1
117 1
118 1
119 1
120 1
121 1
122 1
123 1
124 1
125 1
126 1
127 1
128 1
129 1
130 1
131 1
132 2
134 1
135 1
136 1
137 1
138 1
139 1
140 1
141 1
142 1
143 1
144 1
145 1
146 1
147 1
148 1
149 1
150 1
151 1
152 1
153 1
154 1
155 1
156 1
157 1
158 1
159 1
160 1
161 1
162 1
163 1
164 1
165 1
166 1
167 1
168 1
169 1
170 1
171 1
172 1
173 1
174 1
175 1
176 1
177 1
178 2
180 1
181 1
182 1
183 1
184 1
185 1
186 1
187 1
188 2
190 1
191 1
192 1
193 1
194 1
195 1
196 1
197 1
198 1
199 1
200 1
201 1
202 1
203 1
204 1
205 1
206 1
207 1
208 1
209 1
210 1
211 1
212 1
213 1
214 1
215 1
216 1
217 1
218 1
219 1
220 1
221 1
222 1
223 1
224 1
225 1
226 1
227 1
228 1
229 2
231 1
232 1
233 1
234 1
235 2
237 1
238 2
240 1
241 1
242 1
243 1
244 1
245 1
246 1
247 1
248 1
249 1
250 1
251 1
252 1
253 2
255 1
256 1
257 1
258 2
260 1
261 1
262 1
263 1
264 2
266 1
267 2
269 1
270 1
271 1
272 1
273 1
274 1
275 3
278 1
279 1
280 1
281 1
282 1
283 1
284 1
285 1
286 1
287 1
288 1
289 1
290 1
291 1
292 1
293 1
294 1
295 1
296 1
297 1
298 1
299 1
300 2
302 1
303 1
304 1
305 1
306 1
307 1
308 1
309 1
310 1
311 1
312 1
313 1
314 1
315 3
318 3
321 1
322 1
323 2
325 2
327 1
328 1
329 1
330 1
331 1
332 1
333 1
334 2
336 1
337 2
339 1
340 1
341 1
342 1
343 2
345 1
346 1
347 1
348 1
349 1
350 2
352 1
353 1
354 1
355 1
356 1
357 1
358 1
359 1
360 1
361 1
362 1
363 2
365 3
368 1
369 1
370 1
371 1
372 2
374 2
376 1
377 1
378 4
382 1
383 1
384 1
385 1
386 1
387 1
388 1
389 1
390 1
391 1
392 1
393 2
395 1
396 1
397 1
398 2
400 1
401 1
402 1
403 1
404 1
405 1
406 1
407 1
408 1
409 5
414 1
415 1
416 1
417 2
419 1
420 1
421 2
423 1
424 4
428 1
429 1
430 1
431 1
432 1
433 1
434 2
436 1
437 1
438 1
439 1
440 1
441 2
443 1
444 1
445 1
446 1
447 1
448 1
449 1
450 1
451 1
452 1
453 2
455 1
456 2
458 1
459 1
460 1
461 1
462 1
463 2
465 1
466 1
467 1
468 1
469 2
471 5
476 1
477 1
478 1
479 1
480 1
481 1
482 2
484 1
485 1
486 2
488 1
489 1
490 1
491 1
492 2
494 1
495 1
496 1
497 2
499 1
500 1
501 1
502 1
503 1
504 1
505 1
506 2
508 1
509 2
511 1
512 2
514 1
515 1
516 1
517 1
518 1
519 1
520 1
521 3
524 1
525 2
527 1
528 1
529 1
530 2
532 1
533 1
534 1
535 2
537 2
539 1
540 1
541 2
543 1
544 1
545 1
546 1
547 1
548 1
549 1
550 2
552 1
553 1
554 1
555 1
556 1
557 1
558 1
559 2
561 1
562 1
563 1
564 1
565 4
569 1
570 1
571 3
574 2
576 3
579 1
580 1
581 1
582 1
583 1
584 2
586 2
588 1
589 2
591 1
592 1
593 1
594 1
595 2
597 1
598 3
601 1
602 1
603 2
605 1
606 2
608 3
611 1
612 1
613 1
614 2
616 2
618 1
619 3
622 1
623 2
625 1
626 2
628 1
629 2
631 1
632 4
636 3
639 1
640 1
641 1
642 1
643 1
644 1
645 1
646 1
647 3
650 1
651 1
652 2
654 2
656 2
658 1
659 1
660 1
661 2
663 2
665 1
666 1
667 4
671 2
673 1
674 1
675 1
676 1
677 1
678 1
679 2
681 1
682 1
683 3
686 1
687 2
689 1
690 1
691 1
692 1
693 1
694 1
695 1
696 1
697 3
700 1
701 2
703 1
704 2
706 1
707 1
708 3
711 1
712 1
713 4
717 1
718 1
719 1
720 1
721 1
722 2
724 1
725 1
726 1
727 1
728 1
729 1
730 1
731 2
733 2
735 2
737 1
738 1
739 1
740 1
741 1
742 4
746 1
747 1
748 2
750 1
751 1
752 2
754 1
755 1
756 2
758 2
760 2
762 1
763 3
766 2
768 1
769 1
770 1
771 1
772 2
774 1
775 1
776 3
779 1
780 1
781 1
782 1
783 2
785 2
787 2
789 1
790 1
791 3
794 1
795 2
797 1
798 1
799 1
800 1
801 1
802 2
804 3
807 2
809 1
810 5
815 2
817 2
819 1
820 1
821 1
822 3
825 3
828 1
829 1
830 2
832 2
834 1
835 3
838 1
839 1
840 2
842 1
843 1
844 1
845 2
847 3
850 2
852 1
853 1
854 2
856 1
857 2
859 1
860 1
861 1
862 3
865 1
866 1
867 1
868 3
871 2
873 2
875 2
877 5
882 1
883 1
884 3
887 2
889 1
890 1
891 1
892 2
894 2
896 1
897 2
899 1
900 2
902 3
905 1
906 1
907 1
908 1
909 3
912 1
913 1
914 2
916 1
917 1
918 1
919 2
921 1
922 1
923 1
924 2
926 2
928 1
929 1
930 2
932 1
933 1
934 2
936 1
937 3
940 1
941 1
942 2
944 6
950 1
951 1
952 1
953 1
954 2
956 1
957 2
959 1
960 3
963 1
964 1
965 1
966 3
969 1
970 1
971 1
972 7
979 3
982 1
983 2
985 3
988 1
989 2
991 1
992 3
995 8
1003 1
1004 4
1008 3
1011 1
1012 3
1015 1
1016 4
1020 1
1021 6
1027 3
1030 1
1031 1
1032 2
1034 1
1035 1
1036 2
1038 2
1040 1
1041 1
1042 4
1046 1
1047 2
1049 1
1050 2
1052 1
1053 3
1056 1
1057 2
1059 1
1060 4
1064 1
1065 1
1066 1
1067 1
1068 1
1069 1
1070 2
1072 4
1076 3
1079 1
1080 2
1082 1
1083 5
1088 1
1089 3
1092 1
1093 2
1095 3
1098 1
1099 1
1100 1
1101 1
1102 2
1104 2
1106 1
1107 1
1108 3
1111 2
1113 2
1115 1
1116 2
1118 3
1121 1
1122 1
1123 1
1124 3
1127 1
1128 2
1130 1
1131 1
1132 1
1133 1
1134 1
1135 1
1136 1
1137 1
1138 2
1140 1
1141 5
1146 2
1148 1
1149 1
1150 8
1158 2
1160 1
1161 2
1163 2
1165 2
1167 1
1168 2
1170 1
1171 2
1173 2
1175 5
1180 2
1182 1
1183 6
1189 6
1195 4
1199 2
1201 4
1205 4
1209 2
1211 1
1212 1
1213 3
1216 2
1218 3
1221 3
1224 2
1226 1
1227 3
1230 2
1232 3
1235 5
1240 7
1247 2
1249 4
1253 8
1261 4
1265 2
1267 7
1274 1
1275 2
1277 4
1281 2
1283 2
1285 5
1290 2
1292 1
1293 5
1298 2
1300 4
1304 1
1305 5
1310 1
1311 10
1321 2
1323 2
1325 1
1326 1
1327 1
1328 3
1331 2
1333 1
1334 1
1335 5
1340 3
1343 2
1345 5
1350 4
1354 2
1356 3
1359 2
1361 5
1366 1
1367 1
1368 2
1370 10
1380 2
1382 2
1384 6
1390 12
1402 5
1407 12
1419 4
1423 12
1435 1
1436 4
1440 2
1442 2
1444 6
1450 1
1451 2
1453 3
1456 3
1459 8
1467 2
1469 4
1473 1
1474 3
1477 9
1486 1
1487 3
1490 5
1495 19
1514 1
1515 7
1522 14
1536 1
1537 3
1540 7
1547 3
1550 10
1560 12
1572 2
1574 3
1577 11
1588 9
1597 6
1603 1
1604 6
1610 13
1623 14
1637 1
1638 4
1642 3
1645 3
1648 3
1651 2
1653 3
1656 1
1657 13
1670 26
1696 8
1704 11
1715 13
1728 28
1756 2
1758 4
1762 18
1780 12
1792 5
1797 8
1805 6
1811 11
1822 5
1827 1
1828 1
1829 22
1851 8
1859 45
1904 56
