279
1 1
2 2
4 1
5 1
4 4
8 2
8 8
16 2
18 2
16 6
22 2
16 10
26 2
28 2
16 16
32 2
32 4
32 5
37 1
38 2
38 4
38 6
44 2
46 2
46 4
50 2
52 2
40 16
56 4
56 6
32 32
64 37
101 26
127 4
127 22
131 30
149 18
127 64
167 36
203 8
191 32
223 18
241 16
241 20
261 10
261 24
285 42
241 241
482 261
743 26
769 28
797 30
827 26
853 24
877 30
907 30
937 30
967 30
967 64
1031 30
1061 26
1087 22
1087 64
1151 30
1181 1181
2362 271
2633 30
2663 20
2683 16
2699 32
2731 22
2753 36
2789 30
2819 18
2837 20
2857 30
2887 22
2909 30
2939 24
2963 36
2999 24
3023 38
3061 28
3089 20
3109 28
3137 26
3163 24
3187 30
3187 64
2362 937
3299 30
3329 30
3359 30
3389 44
2819 877
3433 3433
6866 203
7069 34
7103 24
7127 24
7151 36
7187 20
7207 22
7229 24
7253 30
7283 24
7307 42
7349 44
7393 18
7411 40
7451 26
7477 30
7507 30
7537 22
7559 30
7589 32
7621 28
7649 32
7681 3696
7681 7681
15362 131
15493 34
15527 24
15551 30
15581 38
15619 28
15647 24
15671 56
15727 22
15749 38
15787 30
15817 42
15859 42
15901 18
15919 40
15959 32
15991 42
16033 24
16057 16
16073 18
16091 16091
32182 285
32467 30
32497 34
32531 30
32561 26
32587 24
32611 36
32647 40
32687 20
32707 42
32749 22
32771 26
32797 34
32831 38
32869 40
32909 32
32941 42
32983 30
33013 24
33037 34
33071 36
33107 42
33149 30
33179 32
33211 36
33247 40
33287 24
33311 20
33331 46
33377 32
33409 18
33427 11377
33427 33427
66854 327
67181 30
67211 36
67247 42
67289 50
67339 30
67369 22
67391 20
67411 36
67447 30
67477 34
67511 26
67537 30
67567 22
67589 30
67619 32
67651 67651
135302 257
135559 30
135589 34
135623 38
135661 36
135697 30
135727 30
135757 30
135787 42
135829 22
135851 36
135887 42
135929 48
135977 36
136013 30
136043 26
136069 30
136099 136099
272198 161
272359 40
272399 24
272423 26
272449 28
272477 30
272507 26
272533 30
272563 40
272603 48
272651 32
272683 34
272717 42
272759 48
272807 56
272863 24
272887 30
272917 42
272959 22
272981 48
273029 30
273059 24
273083 24
273107 42
273149 44804
273149 273149
546298 211
546509 38
546547 22
546569 30
546599 32
546631 30
546661 30
546691 28
546719 62
546781 60
546841 40
546881 38
546919 18
546937 40
546977 30
547007 30
547037 24
547061 32
547093 28
547121 18
547139 32
547171 52
547223 26
547249 22
547271 30
547301 56
547357 30
547387 54
547441 30
547471 547471
1094942 317953
1094942 1094942
2189884 2189884
4379768 4379768
8759536 8759536
17519072 1412895
17519072 17519072
35038144 35038144
70076288 70076288
140152576 18931967
140152576 140152576
280305152 159084543
280305152 280305152
560610304 439389695
