2907
1 1
2 1
2 2
4 1
5 1
5 2
4 4
8 2
8 5
8 7
8 8
16 1
17 1
17 3
16 5
21 3
21 5
26 1
21 7
21 8
29 1
16 16
32 1
32 2
34 1
32 4
36 2
38 3
38 4
36 7
43 1
44 2
32 15
47 3
47 4
46 7
53 1
29 29
32 28
60 3
32 32
64 2
64 3
67 3
70 1
58 16
74 2
74 4
78 2
74 7
81 2
81 3
58 29
87 3
87 4
91 3
94 4
98 3
101 3
87 21
91 26
117 1
91 30
64 58
64 60
124 2
64 64
128 4
128 10
138 4
142 2
142 10
152 2
128 29
157 1
108 58
166 4
166 8
157 21
174 10
128 60
188 2
188 13
157 47
204 15
219 3
219 4
223 7
223 10
219 15
234 5
234 16
219 36
128 128
256 4
234 32
266 2
256 21
277 4
256 32
281 13
204 91
295 1
296 10
277 30
307 3
310 8
307 15
322 1
323 5
295 51
346 4
323 29
234 122
356 2
356 3
359 1
360 8
307 67
307 74
381 4
385 3
388 6
381 15
396 2
396 3
399 5
381 27
408 2
307 108
415 13
415 15
415 17
432 2
432 8
440 10
295 157
452 4
456 4
460 4
460 15
307 178
485 1
485 7
277 219
496 4
500 8
508 3
256 256
512 7
519 3
512 13
525 5
525 13
538 2
540 4
540 7
547 3
538 16
525 38
519 46
565 15
496 87
583 1
584 1
585 1
583 4
587 3
590 2
587 7
594 8
594 10
604 6
592 24
604 24
512 122
634 2
512 128
640 1
640 4
640 18
658 10
512 157
669 4
669 17
686 2
686 4
640 64
704 4
704 10
704 16
634 87
720 10
686 58
744 5
721 32
753 15
744 46
669 124
793 5
793 17
798 26
798 28
826 16
793 53
846 18
846 20
866 4
870 2
793 87
880 4
826 60
886 2
880 13
893 1
634 266
900 2
902 13
900 30
930 6
900 42
496 452
948 8
956 4
948 20
968 4
972 16
948 44
948 64
1012 2
880 138
512 512
1024 6
1024 16
721 322
1043 7
1043 13
583 496
1079 3
1024 64
1088 10
1040 64
1082 34
1024 94
1118 4
1116 8
1124 28
1124 38
1162 2
1079 91
1170 6
1170 10
1116 74
1170 38
1208 16
1208 26
753 485
1118 122
1234 18
1024 234
1258 4
1240 32
1272 4
1238 42
1276 18
1024 277
1301 3
1304 2
1306 16
1322 6
1304 38
1304 47
1351 1
1352 7
1258 132
1351 43
1304 91
1394 20
1304 122
1426 2
1414 36
1426 36
1462 21
1462 32
1462 34
1395 108
1503 3
1506 6
1506 15
1496 29
1496 32
1528 20
1548 7
1528 28
1503 58
1528 42
1561 21
1582 1
1582 36
1556 64
1618 16
1620 46
1620 58
1394 294
1688 10
1688 32
1556 204
1720 54
1774 26
1561 255
1816 2
1774 54
1816 44
1503 359
1862 10
1872 8
1862 44
1556 356
1503 415
1912 20
1918 16
1918 30
1918 32
1950 2
1948 16
1950 28
1950 34
1503 485
1988 4
1816 190
1988 32
2006 34
1024 1024
1984 70
2054 2
2056 4
2060 2
1395 673
2068 10
1503 583
2086 4
2068 32
2090 32
2086 46
2132 18
2150 16
2150 20
2170 32
2170 38
2150 84
2132 122
2132 126
2258 34
2258 38
2048 266
2314 2
2316 30
2346 60
2314 94
2316 94
2314 118
2432 24
2456 6
2432 46
2054 432
2486 2
2314 178
2492 4
2492 20
2314 201
2515 5
2515 15
2515 17
2515 51
2515 63
2578 4
2582 2
2578 8
2582 16
2586 16
2515 91
2606 36
2408 260
1988 686
2674 4
2048 634
2682 10
2682 16
2682 42
2682 43
2725 5
2725 10
2735 3
2725 21
2735 28
2763 5
2763 17
2735 47
2782 2
2782 26
2782 30
2812 26
2048 793
2841 4
2845 5
2841 17
2845 53
2858 46
2898 10
2908 10
2908 18
2926 4
2908 30
2858 94
2841 128
2952 66
2841 204
3045 3
3045 5
3045 28
3073 1
3045 47
3092 2
3092 28
3120 20
3140 2
3142 4
3140 10
3092 71
3045 188
3120 132
3252 46
2904 398
3233 101
3092 256
2048 1301
3349 7
3356 2
3356 36
3392 32
3356 104
3460 10
3424 84
3508 2
3356 190
3349 255
3604 4
3358 260
3618 4
3348 358
3618 94
2724 992
3604 124
3604 132
3736 3
3739 29
3736 43
3768 20
3768 34
3802 7
3739 81
3820 30
3820 36
3820 60
3820 71
3891 53
3944 4
3880 70
3604 356
3891 81
3972 16
3960 64
2048 2048
4096 3
4099 3
4102 8
4096 29
4099 35
3960 204
4125 71
4164 46
4210 4
4096 122
4218 30
4218 42
4096 166
4196 84
4262 27
4289 21
4289 33
4218 122
3050 1304
4354 6
3073 1301
4374 43
4417 5
4417 29
4340 108
4446 24
4448 34
4482 34
4340 204
4262 288
4544 30
4574 16
4574 26
4096 583
4679 13
4679 15
4694 2
4679 27
4706 3
4709 21
4709 83
4792 10
4550 256
4806 28
4354 508
4862 38
4900 26
4448 496
4944 30
3045 1950
4995 1
4995 7
4448 584
5032 54
4792 346
4218 930
5032 128
5138 78
5032 190
5222 38
5260 60
5260 66
5320 74
4096 1304
5394 20
5400 16
5416 18
5434 28
5222 250
5472 18
5472 44
5516 50
3604 2006
5610 66
5400 307
5707 7
5222 508
5730 2
5707 47
5732 64
5730 70
5800 16
5707 126
5833 7
4446 1496
5730 374
5796 352
5732 432
4218 2048
5707 583
6290 36
5610 744
6266 98
6354 78
6432 60
5730 930
6364 310
5676 1104
5707 1079
6780 28
6786 44
6830 30
6786 104
6890 8
6890 16
6890 34
6786 166
5260 1720
6786 234
5707 1351
5707 1395
7058 126
7184 104
7020 322
7342 4
7058 322
7380 16
4096 3349
7342 128
7470 2
7470 8
7478 74
6952 720
7478 294
7445 381
7342 496
7396 452
7848 118
6266 1720
7986 10
7102 1024
7342 846
4096 4096
8192 26
8192 63
8255 5
8260 42
8260 126
8192 268
8460 60
8520 2
8522 24
8460 178
8638 118
8638 178
8192 640
8816 118
8302 690
8638 356
8126 930
8192 880
9072 42
9072 70
9142 44
9186 4
8638 554
9072 121
9193 35
9193 47
9193 63
9256 2
9193 121
9256 98
9354 94
9142 322
9193 295
9354 190
9488 60
9548 38
9586 8
9586 36
9240 394
9586 108
9072 686
9072 721
9793 13
9544 374
9806 260
9758 464
8832 1394
9806 432
9806 452
10238 42
10280 6
10280 8
10238 223
9072 1503
10238 346
10584 4
10588 124
10712 178
10584 452
11036 34
11070 32
10584 538
10575 583
11158 184
9488 1934
11342 94
11422 28
11158 408
11566 18
9758 2054
11812 20
11812 28
10575 1351
11926 66
11992 28
11840 188
12020 84
11812 590
11812 634
12446 8
12454 98
11158 1462
12620 4
8192 4448
7380 5400
12620 174
12640 222
12780 108
12402 508
12640 288
12640 396
13036 142
13178 83
10575 2735
13310 70
12928 522
13036 496
12624 948
13380 328
13450 584
13572 511
13310 846
10575 3604
14179 223
14402 30
14034 584
13572 1116
9072 5707
14402 432
14618 440
14402 690
14779 399
14779 563
14779 565
15344 38
15382 16
15398 26
15178 456
8192 7445
15637 94
15424 496
15731 233
15964 190
15342 880
15731 525
16256 104
8192 8192
16384 44
16384 64
16360 268
16384 592
13572 3604
16448 930
17378 250
16448 1280
16256 1862
17378 1024
16428 2486
16448 2674
16428 2782
19210 26
19210 117
19327 33
16384 3045
13310 6364
19429 295
19724 178
19724 268
19429 673
20102 98
20200 10
16448 3960
20102 508
19724 1240
20610 492
20610 594
21204 296
20610 900
19429 2086
21204 356
21515 295
19674 2586
21810 456
13310 9142
19429 3073
19429 3233
22662 104
22662 184
22452 508
22766 408
23174 184
22662 704
23358 142
23366 346
23712 84
23712 522
22662 2132
22766 2682
24794 714
22662 3092
21500 4446
25754 500
26254 98
25946 708
25448 1506
26254 753
22452 4706
26254 1240
27494 84
27494 132
27494 138
24234 4260
19429 9193
28622 550
19429 9758
19429 9793
15178 14156
21500 8188
29187 583
29222 1018
18118 12624
30240 824
30240 880
31120 41
31161 585
29334 2582
29222 2725
31947 51
31998 42
31998 346
29222 3356
32578 38
16384 16384
32616 538
32768 636
31064 2582
32040 1934
33404 730
32768 1918
32768 2682
35450 4
35450 70
35454 230
35450 460
35450 594
35450 1862
35910 1620
37312 322
19674 19122
37634 1238
35450 4218
38796 1040
39668 374
27494 12624
40042 1116
40042 1394
34686 6952
41436 584
40042 1984
42020 360
42380 266
26352 16428
42780 318
35450 8832
44282 288
44570 234
44282 888
44282 1118
45400 268
45668 408
27632 19360
34686 12640
45668 1906
45668 2068
47736 352
32768 15637
48405 239
26254 22452
48405 496
48644 798
48901 585
48901 893
49486 866
48088 2682
50770 690
49794 2432
49794 2812
52606 864
52606 968
48405 5400
53805 583
48088 7058
53805 1561
53805 2969
56774 318
56774 586
56774 688
57360 126
56774 992
56774 2258
59032 475
59032 842
59032 1390
60422 35
56774 3728
56774 3739
60513 323
60513 587
56774 4448
61222 126
61222 174
61396 184
59874 2100
57092 5414
61580 1280
60502 2578
61974 1872
61396 2808
53805 10575
64380 519
32768 32768
63080 3460
65536 2006
50770 17628
46076 22766
64380 5148
65536 4196
65536 4262
69798 190
69988 1328
71316 1176
69798 2838
69798 2926
69798 5610
69798 6660
76458 260
76458 356
69798 7826
76718 992
76458 1984
68398 10286
78442 730
69798 9488
72636 6898
79286 2314
79286 2858
82144 230
82144 328
82472 256
82144 644
82472 658
79534 4322
65536 19429
69988 16256
84965 1525
86490 586
86490 870
84965 3728
88693 641
81600 9314
82472 8638
82144 9114
88693 2845
91538 288
91826 1014
84965 9072
61100 33974
95074 886
95960 296
94037 2515
84965 14179
99144 222
95960 6906
96552 6890
96552 8218
104770 1322
104770 1428
94037 14179
108216 368
108216 753
108969 385
109354 70
108969 1043
91538 19724
111262 50
111262 410
108969 3163
112132 118
112132 690
112822 592
86490 27578
114068 250
114318 94
71316 45668
108969 8255
117224 388
108216 9488
108216 9806
118022 644
118022 3768
121790 1818
121790 2780
121790 3820
125610 306
118022 8460
126482 306
126482 1280
127762 866
86244 44570
65536 65536
131072 669
131741 547
132288 78
132366 98
131741 1483
87360 46992
133224 1180
131741 2841
133224 2808
136032 2598
134582 4340
136032 5416
134582 7102
138922 6364
141684 4446
141448 7470
146130 3508
149638 610
146130 4354
150484 1272
141684 13036
154720 1548
154720 3048
157768 464
154720 3716
154720 5032
154720 7380
141684 20610
162294 554
162848 1688
164536 492
162294 3820
157768 8994
154720 12910
166114 1978
168092 720
134582 35450
168812 1234
170032 204
168092 2166
170032 1162
162100 9192
171194 250
171292 1276
170032 4096
174128 544
168812 6364
170032 5148
170032 5416
175448 1124
175448 2492
175448 2784
175448 2952
178400 992
178400 1414
177940 2838
151756 29770
166114 15424
174672 6906
179392 2346
177940 4574
182514 5730
179392 10588
178400 11992
189980 1262
189980 1390
191370 430
191800 80
191880 3018
170032 25754
195786 1984
170032 29222
199254 790
199254 1352
200606 184
200790 580
201370 128
200606 1528
202134 2586
204720 4310
209030 658
204720 6164
200606 12794
199254 14156
213410 894
214304 394
199254 19210
134582 84965
219547 915
220462 2520
219547 4099
219547 4289
219547 4417
223964 720
224684 16
223646 2234
223964 2100
226064 644
226708 886
227594 54
227648 306
226064 2566
228630 634
226064 4280
230344 886
231230 2090
219547 15731
235278 768
235278 4802
235278 5138
240416 24
240416 992
241408 2060
241408 5462
246870 1056
241408 6674
132464 117224
235278 14688
249966 2930
235278 19360
235278 19674
254638 522
255160 720
235278 22452
257730 234
257964 306
257730 708
258438 544
255880 3298
258438 2254
131072 131072
258438 8126
224684 44570
162848 109354
254952 18914
272202 4974
262144 15342
262144 16428
278572 2512
278572 2850
278572 3392
281964 18
281964 398
278572 3960
278572 4550
283122 230
283122 550
283122 4574
287696 10461
283122 16360
299482 1932
301414 1634
299482 3788
283122 20200
303322 18
287696 15964
303322 1496
304818 1512
262144 45400
287696 20102
307798 76
257730 51460
307544 2904
262144 48405
310549 399
310549 4995
266564 52226
315544 3856
319400 602
319400 2738
258982 64204
323186 170
319400 4210
323610 1506
323356 1860
310549 14779
325328 948
326276 294
326570 166
326276 708
325328 1950
326570 948
327278 5566
327278 5942
333220 4322
325328 13310
338638 322
338638 2292
338638 4374
323186 21500
343012 1816
323610 22502
343012 3334
346346 1050
347396 768
346346 3424
343012 8260
351272 1570
351272 1872
353144 2698
325328 31947
325328 32578
357906 1170
357906 2054
357906 3334
361240 540
326276 38872
361780 3880
357906 11158
369064 288
325328 44282
369610 798
369352 3392
370408 2584
370408 2746
365660 8218
373878 432
370408 4706
370408 7342
370408 11422
381830 2406
381830 2768
365660 20408
370408 18118
359076 29688
388764 956
386068 5002
370408 21560
370408 21810
369610 22662
392218 126
391968 4102
392272 4792
397064 1582
398646 3074
310549 94037
404586 4482
409068 1720
404586 6786
411372 744
391070 22846
412116 2578
414694 350
414694 1306
416000 1774
416000 2020
418020 4102
416000 6860
411372 12620
423992 530
423992 888
424880 84
424880 2150
424522 4706
423992 7986
423992 8386
432378 1190
433568 2678
423992 12446
319400 117612
423992 13178
437170 42
411372 31998
443370 318
443370 2408
424522 28622
453144 158
453144 872
453144 2040
443370 11840
455210 486
455696 460
455696 2606
458302 90
443370 15178
458548 3706
443370 19122
462492 4834
455696 14034
467326 3470
410788 60502
470796 668
462492 9464
411372 61100
411372 61222
472594 3950
472594 4706
467326 10066
472594 5032
477300 440
477740 1040
477300 2724
480024 4210
484234 884
484234 942
467326 19992
411372 77624
488996 74
488996 1012
489070 1720
490008 5816
485176 11422
488996 8520
497516 464
496598 2782
497516 2410
499926 1414
485176 16428
488996 12640
501636 1828
499380 4470
503464 616
501636 2462
499926 4944
501636 4544
506180 1428
506180 3460
509640 902
509640 1952
490008 25448
506180 10280
477300 41436
510542 9586
488996 34686
523682 798
523682 6104
310549 219547
530096 2060
530096 2296
530096 2898
532994 132
532994 2346
535340 846
536186 3948
532994 9544
542538 988
532994 11832
544826 360
545186 4260
549446 50
549446 1224
530096 23712
553808 1252
555060 66
555060 152
530096 28622
558718 3622
558718 6808
558718 7478
566196 3142
558718 14834
573552 3120
576672 5676
530096 53805
583901 1555
583901 2763
586664 2668
589332 2078
589332 6906
596238 972
596238 5002
601240 144
340930 262144
583901 19327
603228 1678
603228 3850
555060 52606
530096 79172
603228 8126
611354 1104
612458 1912
310549 310549
621098 704
621802 7346
511592 118022
621802 8994
621098 12928
634026 1104
634026 1450
566196 76718
642914 132
621098 26254
647352 3802
651154 1342
651154 4164
634026 23366
657392 2530
621098 39668
660766 2316
663082 2208
621802 45400
663082 4806
667888 3972
671860 3944
458302 218464
657392 19992
497980 181538
679518 4696
621098 64380
685478 1122
685478 4862
685478 5260
453144 240416
690738 3150
690340 5676
690738 5714
696452 4516
690738 12028
685478 20102
705580 2692
484234 226064
700968 10238
708272 7772
716044 960
705580 13450
719030 7996
705580 22766
685478 45668
731146 6780
731146 7396
731146 9056
740202 2730
742932 2582
745514 7838
745514 10288
755802 10
753352 3050
731146 27578
731146 32040
758724 5160
685478 79286
764764 1258
766022 1208
763186 6432
767230 6830
774060 1164
767230 8816
651154 125610
764764 15342
766022 14402
780424 18
764764 23366
788130 1162
755812 33974
788130 3618
788130 4694
755802 42020
788130 10238
798368 450
798368 3358
763884 42780
801726 5754
788130 19674
764764 44570
809334 1934
811268 9190
811268 12020
823288 404
823288 842
811268 17176
828444 4900
833344 1880
809334 27626
836960 3050
840010 434
809334 32768
842102 1494
840010 5730
840444 9622
850066 2122
845740 9258
845740 9464
809334 48088
809334 48644
855204 5462
855204 5732
857978 11450
766022 112250
597210 281084
857978 23174
881152 634
764764 118022
882786 1760
685478 199254
884546 968
884732 1082
884732 1988
886720 1024
887744 358
888102 1088
820458 69528
887744 2606
887744 4550
886720 7020
886720 7058
893740 322
893778 6266
894062 6266
900044 1698
893778 9314
893740 13572
907312 4024
903092 8302
903092 10226
903092 12910
916002 4214
903092 17378
920470 4134
893740 31998
925738 4422
893778 37312
931090 2456
931090 9548
940638 2926
940638 5472
931090 15382
920470 26254
835224 111672
940638 19724
960362 5796
966158 972
946472 23796
970268 90
970268 2488
798368 175448
970268 5222
975490 1152
558718 418020
976642 1774
970268 12020
975490 6980
660766 326570
982470 10712
993182 138
993182 4590
975490 23796
970268 31064
1001332 1494
1001332 1620
946472 60422
1006894 2056
1008950 1992
893778 117224
1011002 310
1011312 1666
1011312 1828
1011002 9228
798368 226064
886720 138922
1025642 3736
1029378 5800
1035178 604
889190 151756
1035178 6898
1029378 13572
1025642 22502
1048144 2062
1048144 3706
1051850 870
1052720 84
685478 369610
1055088 2908
1057996 440
1057996 2486
1057996 3302
1055088 12624
596238 477626
1055088 21515
1076603 1359
1077962 6148
582348 510542
1076603 31161
1055088 56774
1107764 5400
1111862 2918
1114780 144
1113164 4806
1111862 6952
1118814 10286
1129100 2496
1111862 24794
1136656 1760
1136656 2006
1138416 2642
1141058 1800
1138416 5160
1111862 33404
738542 418020
1145266 13380
1145266 16448
1055088 108216
1163304 826
1161714 2492
1164206 2170
1166376 2208
1166376 2926
1163304 10258
1173562 7288
1173562 9256
1182818 1948
1184766 1992
1184766 9114
1182818 15964
1173562 27494
1201056 1030
621098 583901
1204999 3779
1208778 428
1204999 4709
1209708 2166
1209206 7838
1209708 9314
1204999 14083
1211874 9448
1219082 5320
1204999 27007
621098 621098
1242196 2478
1242196 4448
1246644 10
1242196 4679
1246875 3809
1246875 5833
1252708 3252
1252708 5732
1258440 3712
1262152 1098
840444 424522
1263250 5414
1262152 9240
1252708 19724
924604 353144
1272432 6354
1278786 1666
1277748 2838
1278786 7672
1286458 3728
1278786 12454
1291240 1262
1272432 20408
1291240 2784
1292840 5394
1252708 46076
1252708 47574
1300282 460
1300282 6364
1246875 60513
1306646 1872
1278786 35910
1314696 3608
1314696 5840
1307388 31746
1339134 3140
1339134 7848
1342274 13036
705580 651154
1346982 16976
973816 392344
1307388 59032
1366420 2938
1369358 3944
1242196 131741
1373937 281
1374218 5516
1374218 14432
1388650 6432
1373937 29187
1403124 538
1403662 9918
1413580 2234
1403662 12402
1413580 5796
1373937 48901
1422838 10890
1422838 11070
1433908 4730
1422838 18402
1422838 20964
1443802 6492
1422838 31998
1422838 32344
1455182 2602
1457784 4996
1422838 42026
1464864 1556
1466420 4600
960362 511592
840444 635130
1466420 10222
1464864 21204
1486068 8756
1494824 8934
1494824 11584
1373937 134582
1008950 499926
1508519 1521
1508519 3891
1508519 13261
1040946 484234
1521780 4944
1526724 9228
1535952 3298
1535952 9586
1535952 11036
1526724 29770
970268 589332
1559600 936
1508519 60457
1568976 1964
1570940 154
1508519 64899
1570940 3728
1573418 6326
1535952 55146
1508519 88693
1597212 10066
1607278 988
1597212 11926
1597212 16222
1597212 16256
1508519 108969
1136656 490008
1626664 594
1626664 3348
1630012 8188
1630012 9354
1630012 10258
1630012 16256
1639366 14618
1617488 37634
1617488 40042
1657530 4692
1662222 1506
1657530 6924
1653984 11122
1665106 3988
1664454 16360
1657530 35910
1693440 864
1693440 3302
1696742 24
1696742 4262
1638200 62860
1657530 49486
1626664 110012
1693440 44282
1707016 30742
1737758 9634
1747392 4926
1737758 33154
1737758 42646
1780404 8522
1780404 34134
1814538 9622
1824160 1570
1825730 2202
1707016 133224
1508519 357275
1486068 392218
1865794 15092
1865794 17628
1865794 17728
1883522 22960
1883522 23358
1865794 41158
1906952 11436
1906952 14034
1920986 260
1921246 8546
1906952 26352
1933304 11566
1944870 12794
1957664 1294
1944870 16628
1958958 2784
1865794 96552
1613468 357906
1971374 6
1962346 11812
1974158 54388
2028546 3094
1508519 530096
2038615 749
2038615 1583
2038615 4125
2042740 25946
2068686 19902
2068686 21102
2089788 12104
2042740 60836
2103576 9186
2103576 15398
2042740 91538
2134278 7470
2134278 10584
2144862 1234
2146096 22846
2168942 7966
2134278 52606
1865794 326276
2192070 4110
2196180 7472
1201056 1006894
2186884 25508
2212392 2532
2214924 12552
2212392 26654
2239046 35454
2239046 35520
2274566 5490
2239046 69988
2309034 1618
2186884 127762
2314646 6290
2042740 282532
2325272 3146
2325272 9594
2325272 12862
2325272 19236
2325272 42380
2367652 2898
2325272 60502
2385774 9448
2385774 13532
2325272 75408
2325272 82472
2407744 4470
2407744 8638
2416382 3546
2419928 5326
2425254 12624
2425254 57486
2325272 162294
2487566 12888
2500454 5434
2144862 365660
2500454 11122
2487566 42020
2529586 29334
2042740 523682
2566422 7184
2566422 9142
1546988 1035782
2582770 15058
2575564 38796
2575564 44804
2620368 16154
2620368 22846
2643214 33646
2676860 20210
2697070 11102
2676860 51460
2636522 91826
2620368 118666
2620368 132288
2752656 628
2753284 37530
2320936 488996
1921246 889986
2620368 223836
2620368 228630
2848998 1860
2850858 28494
2566422 327278
2893700 4360
2898060 3510
2893700 23500
2893700 30240
2923940 22266
2946206 53574
2946206 59874
1512410 1494824
2923940 110012
3033952 29172
3063124 19992
2042740 1048144
3090884 42780
3090884 67542
3090884 81600
3172484 15344
3187828 12780
3200608 49442
3200608 57462
2038615 1246875
3285490 76718
3362208 63846
3285490 154720
3440210 31916
3440210 36044
3476254 9694
3485948 6492
3440210 124570
3564780 117612
3682392 138630
3682392 148918
3440210 391968
3832178 103442
2038615 2038615
4077230 7552
4077230 31120
4077230 150484
4227714 26954
4227714 83130
4310844 106092
4077230 472472
4549702 15920
4549702 172568
4549702 176572
4549702 596238
5145940 810
4077230 1204999
5282229 170032
5452261 298157
5750418 258982
6009400 454016
5452261 1076603
5452261 1422838
6875099 59507
6875099 404586
7279685 325328
7605013 141684
7746697 685478
8432175 1055088
9487263 884732
10371995 1163304
11535299 1403124
12938423 3285490
16223913 307544
16531457 558718
17090175 69798
17159973 660766
17820739 357906
18178645 764764
18943409 886720
19830129 1025642
20855771 82144
20937915 392272
21330187 2042740
23372927 893778
24266705 882786
25149491 411372
25560863 809334
26370197 1865794
28235991 893740
29129731 1617488
30747219 1173562
31920781 887744
32808525 488996
33297521 1374218
34671739 3090884
37762623 1657530
39420153 195786
39615939 1111862
40727801 3172484
43900285 278572
44178857 6528864
50707721 2566422
53274143 338638
53612781 472594
54085375 731146
54816521 126482
54943003 283122
55226125 647352
55873477 1145266
57018743 218464
57237207 343012
57580219 1962346
59542565 1136656
60679221 2325272
63004493 235278
63239771 1011002
64250773 2893700
67144473 1029378
68173851 1307388
69481239 281964
69763203 213410
69976613 1464864
71441477 705580
72147057 2487566
74634623 370408
75005031 1161714
76166745 931090
77097835 47736
77145571 1201056
78346627 501636
78848263 166114
79014377 885814
79900191 1597212
81497403 788130
82285533 2575564
84861097 2923940
87785037 857978
88643015 798368
89441383 104770
89546153 351272
89897425 1573418
91470843 303322
91774165 4549702
96323867 1232006
97555873 506180
98062053 21510
98083563 443370
98526933 69732
98596665 112132
98708797 392218
99101015 1252708
100353723 3440210
103793933 1655122
105449055 112822
105561877 3187828
108749705 1426
108751131 369064
109120195 1613468
110733663 903092
111636755 603228
112239983 423992
112663975 1366420
114030395 553808
114584203 437170
115021373 359960
115381333 326276
115707609 257730
115965339 41436
116006775 1974158
117980933 175448
118156381 2134278
120290659 55366
120346025 162100
120508125 766022
121274147 477300
121751447 900044
122651491 304818
122956309 346346
123302655 359076
123661731 2573606
126235337 946472
127181809 780424
127962233 38872
128001105 24234
128025339 49794
128075133 2103576
130178709 497516
130676225 2186884
132863109 277486
133140595 1906952
135047547 223964
135271511 1486068
136757579 146130
136903709 1006894
137910603 2620368
140530971 857422
141388393 1164130
142552523 3033952
145586475 490008
146076483 1403662
147480145 1067712
148547857 836960
149384817 1300282
150685099 840010
151525109 532994
152058103 4227714
156285817 121790
156407607 480024
156887631 1933304
158820935 57766
158878701 109354
158988055 226064
159214119 2529586
161743705 2407744
164151449 3832178
167983627 1306646
169290273 1568976
170859249 436438
171295687 462492
171758179 361240
172119419 2314646
174434065 344828
174778893 326570
175105463 1042950
176148413 1626664
177775077 409068
178184145 471956
178656101 1416064
180072165 651154
180723319 1613434
182336753 970268
183307021 1883522
185190543 361780
185552323 3935620
189487943 477740
189965683 178400
190144083 432378
190576461 634026
191210487 920470
192130957 388526
192519483 1182818
193702301 1298784
195001085 27632
195028717 890350
195919067 230344
196149411 1001332
197150743 655318
197806061 1219082
199025143 333220
199358363 1521780
200880143 315544
201195687 1883422
203079109 1707016
204786125 159752
204945877 975490
205921367 2848998
208770365 412116
209182481 162848
209345329 164536
209509865 1609138
211119003 200606
211319609 811268
212130877 652496
212783373 611354
213394727 728346
214123073 1198782
215321855 2844204
218166059 845740
219011799 175180
219186979 1630012
220816991 4108350
224925341 690738
225616079 158436
225774515 226708
226001223 1057996
227059219 1840240
228899459 1369358
230268817 458548
230727365 282362
231009727 113414
231123141 1512410
232635551 2028546
234664097 410788
235074885 319400
235394285 763186
236157471 254952
236412423 433568
236845991 76458
236922449 621802
237544251 455210
237999461 982470
238981931 881152
239863083 2144862
242007945 61396
242069341 178232
242247573 2946206
245193779 1272432
246466211 78442
246544653 1737758
248282411 2752656
251035067 323610
251358677 21500
251380177 258438
251638615 2850858
254489473 842102
255331575 1693440
257025015 807804
257832819 202134
258034953 40118
258075071 854998
258930069 99144
259029213 151756
259180969 758724
259939693 663082
260602775 299482
260902257 767230
261669487 2118974
263788461 381830
264170291 2416382
266586673 3200608
269787281 414694
270201975 916002
271117977 894062
272012039 586664
272598703 125610
272724313 111262
272835575 1971374
274806949 223646
275030595 431978
275462573 719030
276181603 516460
276698063 573552
277271615 377750
277649365 702766
278352131 2212392
280564523 1224402
281788925 455696
282244621 1060482
283305103 544826
283849929 3158426
287008355 925738
287934093 1466420
289400513 132366
289532879 177940
289710819 1292840
291003659 1138416
292142075 168092
292310167 1737722
294047889 2500454
296548343 227594
296775937 167630
296943567 2400680
299344247 424880
299769127 780442
300549569 3564780
304114349 326736
304441085 229264
304670349 200790
304871139 5160
304876299 478780
305355079 2739034
308094113 2146096
310240209 499926
310740135 484234
311224369 303270
311527639 2068686
313596325 1002952
314599277 1118814
315718091 828444
316546535 1107764
317654299 630796
318285095 1180850
319465945 1278786
320744731 1944870
322689601 1639366
324328967 690340
325019307 940638
325959945 384598
326344543 227648
326572191 776046
327348237 2320936
329669173 3362208
333031381 3682392
336713773 1035178
337748951 254638
338003589 303340
338306929 1526724
339833653 190392
340024045 4310844
344334889 287696
344622585 888102
345510687 913318
346424005 126788
346550793 89334
346640127 112250
346752377 106198
346858575 2636522
349495097 204720
349699817 9192
349709009 5086
349714095 64204
349778299 458302
350236601 901742
351138343 1291240
352429583 52226
352481809 792824
353274633 373154
353647787 179392
353827179 1011312
354838491 168812
355007303 1209708
356217011 424522
356641533 1258440
357899973 445778
358345751 2511576
360857327 740202
361597529 2112762
363710291 32616
363742907 485176
364228083 365660
364593743 86490
364680233 2419928
367100161 136032
367236193 157768
367393961 545186
367939147 542538
368481685 5750418
374232103 2192070
376424173 2558920
378983093 2510522
381493615 1920986
383414601 2385774
385800375 667888
386468263 742932
387211195 353144
387564339 260692
387211195 1639366
388850561 249966
389100527 373878
389474405 589332
390063737 1556494
391620231 1559600
393179831 72636
393252467 576672
393829139 3006080
396835219 27158
396862377 2207950
399070327 2141748
401212075 111672
401323747 22260
401346007 1664454
403010461 738542
403749003 1158646
404907649 50770
404958419 612458
405570877 2999780
408570657 614370
409185027 881786
410066813 2425254
412492067 374310
412866377 946110
413812487 1413580
415226067 1653984
416880051 397064
417277115 509640
417786755 5145940
422932695 745514
423678209 171292
423849501 224684
424074185 1208778
425282963 3476254
428759217 1184766
429943983 763884
430707867 2239046
432946913 158232
433105145 4726274
437831419 4722270
442553689 165028
442718717 1961498
444680215 1250684
445930899 1880886
447811785 398646
448210431 1638200
449848631 1570940
451419571 453144
451872715 427030
452299745 349770
452649515 477626
453127141 532392
453659533 2089788
455749321 889190
456638511 973816
457612327 467326
458079653 1073864
459153517 210884
459364401 1339134
460703535 197770
460901305 2614360
463515665 2309034
465824699 189980
466014679 1298234
467312913 240416
467553329 1906880
469460209 497980
469958189 1346982
471305171 171194
471476365 900328
472376693 1292502
473669195 1388650
475057845 3258070
478315915 943564
479259479 1535952
480795431 6009400
486804831 946724
487751555 801726
488553281 501340
489054621 2168942
491223563 1051850
492275413 708272
492983685 2728348
495712033 1957664
497669697 823288
498492985 61580
498554565 13708
498568273 252896
498821169 128628
498949797 549446
499499243 170236
499669479 462254
500131733 2879352
503011085 283672
503294757 255160
503549917 174128
503724045 231230
503955275 33974
503989249 999286
504988535 11342
504999877 550670
505550547 1024432
506574979 820458
507395437 29688
507425125 489070
507914195 2367652
510281847 1164206
511446053 25448
511471501 855204
512326705 2917200
515243905 1455182
516699087 79172
516778259 266564
517044823 82374
517127197 111312
517238509 1077962
518316471 1342274
519658745 1476642
521135387 365148
521500535 1052720
522553255 960362
523513617 1780404
525294021 833344
526127365 15424
526142789 325116
526467905 1546988
528014893 635476
528650369 511592
529161961 510542
529672503 340930
530013433 241408
530254841 1736676
531991517 57360
532048877 920216
532969093 776764
533745857 1415814
535161671 57092
535218763 386068
535604831 301414
535906245 310448
536216693 966158
537182851 2214924
539397775 182514
539580289 755802
540336091 504870
540840961 171444
541012405 191370
541203775 455184
541658959 62860
541721819 1114780
542836599 1471020
544307619 1906482
546214101 807480
547021581 1545538
548567119 55146
548622265 166762
548789027 791748
549580775 1494824
551075599 388764
551464363 95074
551559437 156268
551715705 911394
552627099 696452
553323551 753352
554076903 3250050
557326953 220462
557547415 5146750
562694165 657392
563351557 2370550
565722107 108584
565830691 401720
566232411 443688
566676099 3485948
570162047 257964
570420011 518736
570938747 91110
571029857 181526
571211383 149638
571361021 87360
571448381 2482740
573931121 1510040
575441161 1193880
576635041 972756
577607797 6463416
584071213 170046
584241259 835224
585076483 496598
585573081 1646268
587219349 48706
587268055 582348
587850403 355842
588206245 1002826
589209071 346112
589555183 1918388
591473571 86244
591559815 700968
592260783 61974
592322757 1113164
593435921 3472126
596908047 1166376
598074423 2399306
600473729 1262152
601735881 1921246
603657127 840444
604497571 214304
604711875 1379734
606091609 95960
606187569 907312
607094881 200044
607294925 535340
607830265 774060
608604325 4565622
613169947 607078
613777025 727026
614504051 429228
614933279 175176
615108455 1042076
616150531 1506408
617656939 1696742
619353681 797822
620151503 924604
621076107 389720
621465827 209030
621674857 1457784
623132641 603074
623735715 248082
623983797 240440
624224237 372992
624597229 629148
625226377 993182
626219559 536186
626755745 667202
627422947 1277748
628700695 1314696
630015391 416000
630431391 69528
630500919 53470
630554389 780106
631334495 601240
631935735 597210
632532945 1141058
633674003 555060
634229063 1971380
636200443 109424
636309867 436246
636746113 1246644
637992757 132464
638125221 1117970
639243191 566196
639809387 1271392
641080779 2505888
643586667 1958958
645545625 501604
646047229 930160
646977389 437212
647414601 1058436
648473037 1363958
649836995 1084110
650921105 933546
651854651 976642
652831293 391070
653222363 102866
653325229 6934606
660259835 499380
660759215 2031640
662790855 1286458
664077313 422860
664500173 310948
664811121 418020
665229141 240080
665469221 63080
665532301 1008950
665229141 2214924
667444065 869428
668313493 417774
668731267 2437878
671169145 2395222
673564367 2643214
676207581 1219022
677426603 68842
677495445 281422
677776867 1186758
678963625 1280452
680244077 141448
680385525 737926
681123451 1878286
683001737 1320536
684322273 114068
684436341 532156
684968497 69798
685038295 889986
685928281 1129100
687057381 878272
687935653 2412214
690347867 246870
690594737 604906
691199643 174672
691374315 225880
691600195 533126
692133321 76814
692210135 272202
692482337 249688
692732025 4084782
696816807 224700
697041507 181738
697223245 2101892
699325137 642914
699968051 281084
700249135 1050206
701299341 130814
701430155 555212
701985367 671860
702657227 46992
702704219 1443802
704148021 337542
704485563 92840
704578403 3063124
707641527 1244674
708886201 2274566
711160767 635130
711795897 643046
712438943 1035782
713474725 946896
714421621 307798
714729419 4416936
719146355 1263250
720409605 529786
720939391 243468
721182859 1814538
722997397 332844
723330241 997772
724328013 1961742
726289755 422122
726711877 1880886
728592763 1665106
730257869 1640270
731898139 1290186
733188325 565526
733753851 824130
734577981 1824160
736402141 1211874
737614015 1627258
739241273 562340
739803613 476544
740280157 1156562
741436719 283352
741720071 1169302
742889373 39836
742929209 191800
743121009 323186
743444195 2898060
746342255 911336
747253591 1294024
748547615 1475574
750023189 2310652
752333841 659922
752993763 2344508
755338271 1454836
756793107 306330
757099437 2676860
759776297 524480
760300777 3133664
763434441 1696766
765131207 4248
765135455 322138
765457593 1209206
766666799 775224
767442023 798818
768240841 2811232
771052073 884546
771936619 555126
772491745 1280586
773772331 1395082
775167413 8992
775176405 823692
776000097 369352
776369449 1308518
777677967 1040946
778718913 2274500
780993413 3831310
784824723 247926
785072649 2753284
787825933 1168584
788994517 2809932
791804449 504098
792308547 1571094
793879641 1788926
795668567 1591098
797259665 1701004
798960669 347396
799308065 392344
799700409 1268664
800969073 1929792
802898865 181538
803080403 716044
803796447 693888
804490335 1662222
806152557 1013140
807165697 515456
807681153 806664
808487817 134404
808622221 71316
808693537 269254
808962791 18914
808981705 277176
809258881 1061298
810320179 507608
810827787 789292
811617079 1770912
813387991 1450294
814838285 1441240
816279525 3083116
819362641 1221322
820583963 1579744
822163707 2728320
824892027 1574668
826466695 117704
826584399 99366
826683765 1433908
828117673 1694304
829811977 415044
830227021 114318
830341339 676766
831018105 413916
831432021 179814
831611835 255880
831867715 843596
832711311 424964
833136275 61348
833197623 125916
833323539 1356734
834680273 495824
835176097 145286
835321383 629614
835950997 470796
836421793 4254668
840676461 503464
841179925 1560536
842740461 1264966
844005427 1508876
845514303 679518
846193821 214698
846408519 123608
846532127 1012978
847545105 675804
848220909 1373302
849594211 2227476
851821687 569338
852391025 134352
852525377 1092890
853618267 41638
853659905 1471954
855131859 50352
855182211 1010942
856193153 72492
856265645 878294
857143939 2040198
859184137 549496
859733633 3426054
863159687 1318304
864477991 1503758
865981749 72724
866054473 453302
866507775 490790
866998565 756402
867754967 601384
868356351 114412
868470763 303048
868773811 504080
869277891 987336
870265227 213400
870478627 978416
871457043 68398
871525441 469730
871995171 1433728
873428899 1825730
875254629 1680814
876935443 273866
877209309 307874
877517183 686600
878203783 236046
878439829 191242
878631071 967130
879598201 1142858
880741059 1747392
882488451 3007234
885495685 170258
885665943 2196180
887862123 96256
887958379 2338134
890296513 543526
890840039 520128
891360167 1143576
892503743 45170
892548913 665290
893214203 320002
893534205 2582770
896116975 180778
896297753 1217044
897514797 8522
897523319 2697070
900220389 128628
900349017 471464
900820481 976738
901797219 338960
902136179 323356
902459535 2039364
904498899 2901570
907400469 227954
907628423 1462780
909091203 375114
909466317 1202086
910668403 325216
910993619 326984
911320603 2176908
913497511 2203652
915701163 344686
916045849 471290
916517139 607666
917124805 1607278
918732083 150248
918882331 258270
919140601 1300742
920441343 62506
920503849 696016
921199865 233320
921433185 66540
921499725 684214
922183939 90914
922274853 1752318
924027171 35684
924062855 2597828
926660683 201370
926862053 91258
926953311 487318
927440629 1663728
929104357 5216
929109573 348164
929457737 1131596
930589333 1255960
931845293 1525180
933370473 1355310
934725783 281982
935007765 1052804
936060569 372744
936433313 396070
936829383 1539250
938368633 717004
939085637 982288
940067925 1366160
941434085 78684
941512769 892294
942405063 15634
942420697 1419376
943840073 485118
944325191 1114924
945440115 1669094
947109209 79534
947188743 352842
947541585 755812
948297397 303660
948601057 116984
948718041 456156
949174197 860936
950035133 43098
950078231 188244
950266475 609268
950875743 327518
951203261 259178
951462439 87076
951549515 693560
952243075 1394
952244469 2334866
954579335 458392
955037727 710298
955748025 1827932
957575957 711206
958287163 769618
959056781 47326
959104107 850066
959954173 2280056
962234229 1438638
963672867 585456
964258323 318790
964577113 860666
965437779 789786
966227565 309190
966536755 209688
966746443 2790814
969537257 1608266
971145523 970358
972115881 2328418
974444299 2088588
976532887 191880
976724767 1246654
977971421 852188
978823609 437012
979260621 222982
979483603 677384
980160987 1701060
981862047 3492440
985354487 1020230
986374717 3821022
990195739 2708172
992903911 993320
993897231 540134
994437365 477392
994914757 503850
995418607 1138662
996557269 82788
996640057 194898
996834955 384236
997219191 77710
997296901 83856
997380757 885514
998266271 201498
998467769 82728
998550497 591410
999141907 181578
