2991
1 1
2 1
2 2
4 1
5 1
6 1
4 4
8 1
8 2
10 1
11 1
8 5
8 8
16 1
16 2
18 2
17 4
18 4
22 1
23 2
22 4
26 1
27 1
27 2
29 2
16 16
32 5
37 3
40 1
41 1
26 17
43 4
47 4
43 10
37 22
59 4
32 32
64 1
64 6
70 4
64 13
77 2
77 4
64 18
82 2
84 1
85 2
85 3
88 1
82 8
90 1
77 16
93 3
96 3
96 6
102 1
102 2
93 17
110 4
114 1
82 37
119 1
119 2
121 4
125 1
121 6
64 64
128 1
128 4
132 2
129 6
135 1
135 2
135 8
132 13
132 16
148 3
148 4
148 5
148 8
128 32
160 4
160 5
93 82
175 5
175 10
185 3
188 2
175 17
175 18
193 3
175 22
197 1
197 5
202 1
203 1
204 5
202 9
211 1
132 82
214 1
215 7
214 9
223 3
226 5
223 10
233 2
223 18
241 5
226 22
223 26
249 1
250 1
251 2
128 128
256 2
256 4
260 10
256 23
279 18
214 90
304 2
306 4
310 3
256 59
315 4
319 3
315 8
315 13
328 1
315 16
331 3
331 4
331 5
315 22
337 1
337 5
342 3
342 5
223 128
331 26
357 5
362 2
357 8
357 9
357 10
367 1
368 3
367 6
373 2
367 9
376 3
379 4
383 2
373 27
400 1
376 29
405 2
337 77
414 1
414 5
315 110
425 2
427 1
315 121
436 5
425 26
436 17
453 3
456 1
457 5
462 1
337 128
357 110
467 2
469 6
475 1
469 8
477 8
477 25
477 31
256 256
405 114
519 3
512 11
523 2
519 18
537 1
465 77
542 3
545 1
546 27
573 6
542 43
585 1
585 4
585 5
590 3
590 4
512 90
602 2
602 5
367 249
616 2
616 10
626 2
512 119
631 10
512 132
644 1
644 5
644 6
631 37
668 4
469 214
683 6
689 10
644 59
703 6
703 8
711 2
644 77
721 23
641 114
755 4
759 11
755 29
784 3
721 82
803 4
784 32
816 10
826 6
668 165
683 156
839 7
721 129
850 17
850 21
850 25
875 5
880 6
880 8
888 13
875 43
918 1
668 256
924 3
927 1
880 59
939 2
850 93
943 3
943 6
943 22
965 11
850 132
982 3
982 6
988 2
982 11
993 2
993 3
943 59
996 21
1002 21
512 512
1024 8
1002 37
1039 1
1040 9
982 77
1039 21
1024 43
1067 3
1067 13
1067 22
1089 11
1100 4
1089 25
1114 4
1100 23
1024 114
1138 4
1024 132
943 214
1157 11
1024 145
1169 2
1169 3
1067 121
1188 10
1198 8
1198 18
1216 9
1206 25
1024 214
1238 3
1238 7
1238 8
1246 5
1188 64
1252 1
1253 1
1188 85
1273 2
1275 4
1238 43
1281 8
1281 16
1297 4
1297 5
1238 84
1322 2
1322 11
1275 77
1297 59
1297 64
1361 18
1379 3
1379 10
1322 85
1322 104
1426 5
1431 5
1436 5
1361 84
1445 12
1441 18
1426 51
1407 84
1169 345
1407 114
1521 1
1521 6
1521 25
1521 27
1238 331
1569 2
1569 10
1579 6
1579 10
1589 5
1579 18
1579 22
1601 4
1601 6
1607 7
1601 17
1618 1
1156 469
1625 5
1625 17
1625 26
1597 84
1681 11
1642 59
1579 127
1706 2
1706 10
1569 148
1717 12
1729 5
1734 20
1717 41
1758 6
1758 25
1651 153
1783 51
1579 256
1835 12
1847 5
1847 12
1238 631
1869 9
1878 4
1869 22
1891 2
1891 9
1900 13
1900 27
1882 51
1933 10
1859 88
1947 2
1949 13
1949 28
1962 53
1869 153
2022 3
1024 1024
2048 11
2048 25
2048 28
2076 11
2076 16
2092 1
2093 2
2093 11
2104 4
2104 8
2104 9
1962 164
2126 10
2048 93
2141 7
2141 11
2152 10
2162 29
1949 249
2198 9
2198 28
2207 40
2126 132
1891 373
2264 3
2207 90
2264 37
2048 260
2308 47
2355 6
2361 4
2365 3
2355 29
2368 31
2301 125
2361 79
2093 357
2308 152
2384 84
2468 9
2460 22
2482 10
2308 193
2355 153
2508 9
2517 25
2501 53
2508 53
2554 21
2501 96
2597 22
2619 5
2624 23
2647 9
2308 351
2659 12
2671 25
2696 3
2508 197
2705 2
2659 53
2712 37
2705 59
2764 2
2048 721
2769 1
2770 9
2764 25
2769 29
2048 755
2803 32
2508 328
2769 96
2865 10
2769 120
2889 1
2889 9
2889 12
2901 37
2938 6
2944 1
2798 160
2898 102
2958 47
3005 11
2769 249
3018 3
3021 9
3018 16
3034 2
3034 3
3016 70
3036 59
3018 82
3030 104
3018 121
3139 2
3139 12
2938 226
2769 419
3139 64
3203 7
1891 1322
3213 10
2769 467
3236 12
3236 27
3263 145
3236 185
3421 26
3236 233
3469 17
3469 21
3490 6
3496 4
2384 1138
3522 10
3421 121
3542 8
3542 12
3263 328
3236 367
3603 5
3591 47
3638 12
3638 51
3236 467
3638 128
2889 880
3769 3
3772 6
3772 11
2803 982
3603 202
3805 13
3818 1
3805 16
3805 28
3833 17
3850 4
3603 270
3873 4
3873 43
3916 25
3941 29
3916 64
2889 1100
3989 5
3785 211
3996 29
3989 41
3989 70
4059 17
2048 2048
4096 3
4096 59
4025 143
3989 214
4203 5
4059 196
4059 223
4096 193
4289 27
4096 223
4319 23
4342 22
3188 1188
4376 1
4316 115
4096 357
4453 5
4319 153
4458 59
4453 126
4453 156
3236 1407
4643 1
4643 18
4609 96
4705 11
4705 12
4717 12
4643 88
4731 18
3603 1157
4661 145
4806 5
4806 8
4643 185
4760 85
4845 13
4858 8
4866 5
4871 25
4828 88
4916 26
4845 102
4947 11
4916 125
4871 185
5056 22
4845 248
4453 668
5093 88
4947 241
5121 77
5198 26
5198 40
5238 3
5238 5
5238 16
5121 152
5273 5
5254 43
4096 1238
5334 23
5357 3
5357 23
5334 81
5357 103
5460 1
5460 29
5460 175
5334 315
5649 8
4947 721
5668 6
5674 6
5657 103
5668 115
5273 545
5783 103
5783 148
5783 197
5649 336
5985 3
5668 366
5988 81
6069 10
6034 64
5649 453
6102 10
6112 25
3916 2308
5357 875
5649 585
5988 319
6232 88
6320 12
6232 132
5818 585
6232 226
6332 202
6234 347
5649 943
6234 407
6592 70
6662 2
6662 28
6641 82
6723 20
6662 85
6747 1
6232 523
6723 84
5649 1169
6818 10
6690 188
6581 310
6891 6
6818 85
6903 6
6903 37
6891 91
6234 755
6818 197
7015 17
7032 32
6818 256
7074 21
7095 96
7032 203
7074 331
7405 102
7507 90
6989 641
7597 47
6818 850
7405 331
7191 616
7644 196
7507 365
7872 22
7807 132
7894 64
7939 28
7668 366
8034 12
8034 51
7405 721
8085 77
7074 1100
8174 10
4096 4096
8192 47
8174 148
8192 135
8239 102
8327 84
8411 13
8327 185
8512 70
8184 436
4760 3873
8633 37
8633 135
8192 602
8192 644
8836 1
8837 37
7095 1891
8986 47
8986 152
8836 337
8794 457
9251 3
9254 85
9138 226
9364 1
9173 211
9364 70
9364 115
9384 110
9494 18
9494 32
9479 53
9494 114
9173 589
9762 37
9762 59
9762 64
9364 469
8836 1169
10005 25
8768 1297
9762 306
10005 125
10065 121
10065 126
10191 251
8633 1891
9365 1198
10563 31
10524 77
10524 115
10601 103
8836 1891
10727 22
6818 3989
10807 22
10727 104
10831 11
10842 17
10842 41
10601 306
7668 3263
10931 37
10968 5
10524 523
10727 469
11047 250
11297 2
11047 467
10005 1601
10807 982
11789 5
11196 683
11606 362
10727 1322
8836 3236
12072 37
12072 373
12445 51
12445 143
11047 1579
12445 214
12588 121
12659 59
12718 103
12718 148
12072 875
12072 1002
12659 475
13074 134
13074 165
9173 4096
8836 4453
12718 607
13289 90
13379 18
13397 82
13289 214
13397 143
13397 329
13379 427
13397 803
12659 1601
13397 1361
13379 1601
13289 1717
15006 74
15080 18
15006 196
10130 5198
15328 84
15006 465
15006 616
15622 27
15622 51
15622 102
15471 260
13289 2659
15948 119
15622 689
8192 8192
16311 231
16384 193
15202 1514
16384 365
11789 5093
16716 585
16384 982
16384 1100
13289 4319
16384 1569
16716 1275
9173 8836
18009 59
16384 1869
18068 250
17301 1024
17484 1275
18325 593
18253 880
19133 3
18253 924
19177 84
10524 8986
19177 703
19177 839
15006 5254
20016 306
20322 13
20322 164
20486 53
20335 250
20585 59
20585 519
20644 546
20322 1172
18253 3263
15080 6755
18253 3603
20486 1548
21856 807
22663 119
18253 5238
18253 5334
15622 8192
23814 29
23587 590
23587 943
24530 32
21516 3100
23587 1156
18253 6592
24845 74
24562 467
25029 153
16384 8836
25220 436
24845 850
25695 241
25656 304
25960 400
25960 711
25220 1859
25960 1426
25960 1847
21856 6234
28090 91
24616 4255
28871 89
28090 943
25656 3873
28960 787
29529 347
29876 405
28090 2264
30281 248
25220 5334
30554 329
30883 41
30554 542
28090 3086
31096 119
31215 3
31218 64
31096 362
31458 40
31458 88
31546 477
32023 18
25960 6112
32072 250
31096 1514
16384 16384
32768 335
32768 425
33193 419
33612 193
33612 826
27079 8126
33193 2440
34438 1619
33103 3005
33612 2865
36477 502
33193 3805
36998 13
36998 331
37011 755
32768 5357
38125 586
38711 165
38876 279
38125 1157
32768 6818
39586 1706
39282 2048
39586 2769
28090 14758
33103 10030
33612 10068
42355 1356
42355 1407
43762 368
42355 1835
44190 1114
42355 3018
44190 1252
45373 248
45373 965
45373 1138
39586 7191
46511 451
42355 4760
47115 82
47115 1017
41292 6909
47115 1651
44190 5380
49570 192
47115 2889
42355 7668
50023 211
50023 345
50368 215
50583 126
32768 18253
51021 103
51021 121
51142 650
51021 1089
52110 43
52110 233
52110 414
52110 631
51124 1734
52110 990
49570 3703
52741 2087
52741 2468
51142 5243
52110 4319
56429 279
56429 465
55209 2619
41330 16542
32768 25220
57988 175
52524 7015
59539 649
59539 1118
59539 1216
58163 2659
46338 15080
60822 988
60822 1597
62419 304
62419 875
57988 5649
63294 803
63637 816
32768 32768
65536 365
65901 4
65536 850
35205 31458
66386 519
66905 519
66386 2264
65536 4845
70381 508
66386 4609
70889 846
70995 1546
70995 2076
65536 9173
74709 2355
60822 16542
66905 10727
77064 1080
63637 15006
78643 465
78144 1426
65536 15006
74709 5980
80542 336
80542 1059
79108 2889
81601 1023
81601 1521
80542 4643
85185 485
80542 5198
83122 3188
85185 1275
85740 918
85740 1333
80542 7191
87733 928
88661 1585
65536 24845
90381 523
90904 231
90381 2308
79570 15080
92689 3703
92689 4282
96971 1297
96392 2361
92689 7074
99763 7
99763 185
79570 20539
99763 807
99763 871
99948 2798
100109 4845
65536 39586
105122 114
105236 525
105236 965
105236 1625
106861 451
107312 128
107312 415
105122 2712
107834 4255
112089 846
112935 784
68650 46511
107834 8126
65536 51021
116557 703
116557 2671
105122 15098
117260 3164
120424 1206
117260 4731
121991 1251
65536 57988
123242 362
123524 427
123524 641
123524 1067
124591 1579
121991 5931
127922 153
121630 8986
92689 38125
65536 65536
131072 2958
124591 11968
134030 3021
81601 57828
137051 4377
91135 50583
134030 7840
141870 180
134030 8411
142441 1977
142441 4916
142441 6224
147357 1589
148665 546
149211 594
142441 7630
150071 2092
131072 21494
131072 21516
152588 1241
152588 3542
152588 3994
131072 25656
156728 928
156728 1273
124591 33612
157656 602
157656 1764
158203 2450
158203 2482
160685 593
158203 5093
163296 1692
163296 2764
131072 38125
169197 160
169357 99
160653 10727
171380 63
169197 3263
172460 198
172658 59
163296 10829
172460 2835
175295 2368
175295 3036
178331 373
178331 2770
181101 976
175295 6909
169357 13074
182431 672
131072 52110
183182 1060
184242 342
184584 833
183182 4289
169357 20335
189692 136
183182 7015
190197 137
190334 164
190197 1118
183182 8986
192168 1254
183182 10807
131072 63637
194709 2365
124165 74709
194709 5041
199750 91
169197 31096
200293 151
200444 476
194709 7095
201804 212
190334 12496
172717 30529
194709 8794
201804 3005
194709 10727
205436 607
205436 1198
205436 3213
208649 1913
210562 1701
210562 2022
205436 7507
212943 253
213196 65
212943 807
212943 2890
212943 2898
215841 331
200920 16749
215833 4059
205436 17484
222920 475
223395 579
222920 1618
224538 573
225111 401
222920 3421
226341 400
226741 3
226741 641
226741 1834
228575 297
228872 313
226741 2789
226741 3408
229530 744
230274 91
226741 6989
233730 1630
233730 1852
235582 990
233730 3210
222920 15471
238391 993
239384 1198
238391 2561
240952 832
239384 3188
194709 50023
244732 84
244816 579
244732 1589
246321 5415
251736 1246
252982 2365
244732 10831
244732 11196
255928 1281
257209 7
257216 226
257442 1080
131072 131072
262144 2258
262144 3248
215841 52110
265392 3783
265392 6137
271529 626
272155 1231
262144 12072
274216 2399
276615 1893
274216 4858
262144 17953
280097 226
280323 1900
280323 1949
282272 462
282272 1040
283312 744
280323 3989
283312 1198
284312 376
284688 644
284312 1089
285401 323
284312 2508
286820 2104
286820 4030
290850 85
290850 995
290850 1289
280097 13289
293386 310
293696 3522
201804 96392
293386 5121
298507 1754
185417 115960
298507 3034
206043 96392
298507 4059
293696 10639
304335 85
302566 1962
304420 337
304528 1927
304528 3941
304528 6403
310931 246
160653 152588
298507 18009
313241 4609
316516 1734
316516 4203
320719 2152
316516 7597
316516 9762
326278 2095
328373 709
316516 12866
326278 3996
298507 33193
331700 2945
334645 351
298507 39282
337789 1039
338828 2207
338828 6897
345725 428
345725 586
338828 7894
346722 946
338828 10807
338828 13239
352067 1445
352067 1614
298507 56429
354936 1188
356124 5181
361305 3490
356124 13479
356124 15328
356124 19177
375301 2247
377548 1605
377548 1943
375301 7939
354936 29529
384465 153
384618 260
384618 939
262144 123524
205436 181101
320719 65901
279074 113719
385668 10065
385668 12947
398615 222
385668 15622
401290 1477
402767 1104
403871 644
401290 4661
385668 21856
407524 1168
407524 9364
416888 1729
418617 3608
422225 4076
418617 8582
405951 21516
407524 23814
431338 1681
433019 160
384465 50368
407524 28090
435614 1324
435614 1491
284688 152566
435614 4472
440086 322
440086 2198
442284 203
442284 594
440086 10130
407524 47115
454639 3486
454639 3821
454639 5657
454639 6320
454639 6662
461301 1168
461301 1783
463084 1142
464226 1301
461301 6891
402767 65536
461301 10973
461301 12718
474019 538
474019 628
474019 949
385668 90381
476049 188
476049 1172
476049 2501
478550 91
478641 2073
478641 3805
478641 6079
460959 25936
486895 20
486895 467
478641 11297
385668 105122
490790 233
491023 2575
385668 116557
502225 5224
502225 6234
468192 44190
512382 383
508459 7736
516195 927
517122 2671
519793 2492
522285 645
517122 6828
262144 262144
524288 456
524288 2141
526429 6723
526429 8085
526429 8239
524288 13269
534668 3522
537557 1245
538802 1882
416888 123951
537557 3916
537557 6102
538802 5657
543659 2460
543659 3833
547492 770
523950 25695
547492 2619
540684 13503
524288 30554
554842 626
547492 8874
555468 6069
554842 8512
563354 1279
564633 699
563354 2836
554842 15202
554842 17366
572208 9033
572208 10842
572208 12445
584653 5760
572208 19510
591718 2136
591718 3223
591718 5818
554842 45373
600215 1070
600215 2092
600215 2901
554842 51142
605984 1457
605984 1878
607862 175
607862 990
605984 11789
597536 20335
617773 407
605984 13208
619192 537
619729 204
619192 9254
605984 23587
629571 1275
605984 29033
629571 6903
636474 51
636525 1579
629571 8633
638204 2696
638204 9434
647638 1436
647638 2890
650528 375
638204 17608
638204 20016
658220 1878
660098 87
660185 5680
660185 8874
658220 10968
669188 9608
678796 164
554842 124591
679433 367
679800 522
679800 3850
679800 3994
683650 190
683650 3772
679800 16749
679800 21835
701635 5783
707418 4871
712289 1352
713641 2226
679433 39586
715867 3554
712289 7967
707418 15098
701635 23843
725478 125
725603 5078
679433 52524
731957 457
732414 1716
731957 5360
737317 2301
737317 3005
740322 3086
740322 4431
740322 5985
731957 14980
739618 7894
746937 1859
554842 194709
749551 867
665865 87733
749551 4717
754268 1527
749551 8034
757585 590
757585 784
758369 6364
757585 7807
765392 1607
766999 3650
765392 6940
765392 8322
773714 1522
765392 10068
775460 787
776247 441
772332 7939
776247 6755
775460 11514
731957 56708
788665 2015
790680 3447
757585 37011
715867 80689
794596 9833
804429 604
805033 901
749551 56708
806259 1253
603116 204809
807925 888
807925 985
806259 5380
811639 593
811639 807
812446 188
812634 875
811639 3188
814827 3854
814827 6307
740322 81601
821923 79
749551 74709
737317 87733
824260 2749
814827 12659
827009 7644
827009 8768
834653 1605
827486 10030
837516 2766
835777 5188
835777 8620
844397 988
824260 24743
849003 1619
849003 4958
853961 1594
853961 3151
857112 385
849003 10639
859642 1947
861589 2148
861589 3141
824260 41292
865552 6743
824260 50004
844397 32023
874264 5297
874264 7032
874264 7872
882136 1441
882136 2384
884520 4828
889348 102
889450 1379
890829 1049
889450 4316
889348 12496
901844 3689
901844 6458
524288 385668
909956 1123
911079 251
911079 699
807925 105236
909956 4644
914600 103
909956 8174
918130 1758
919888 8837
928725 3877
928725 4208
928725 5931
934656 3496
938152 2779
909956 31096
941052 315
941367 1225
942592 42
941052 3016
944068 1171
941052 5238
946290 3785
950075 4814
942592 16384
909956 52741
962697 319
962697 3766
966463 196
962697 7405
849003 121630
970102 2112
972214 3550
970102 6112
976214 3141
976214 7064
983278 4729
976214 11968
988182 7630
932933 66386
999319 1032
988182 13540
1001722 1594
1003316 2440
976214 29876
1006090 2705
901844 107312
1009156 4517
1008795 9532
976214 44190
1020404 31
1020404 5674
1026078 6534
1008795 25936
1034731 364
909956 126170
1036126 10931
1047057 871
1047928 3769
1051697 1023
1047928 5278
1051697 10065
1061762 4896
1053206 18068
1071274 5980
1071274 6690
1053206 34438
1036126 56894
909956 183182
1093020 1172
1094192 689
1093138 6581
1099719 336
1100055 4289
1104344 1708
909956 205436
1099719 18009
1115392 6982
1115392 9251
1124643 4811
1124643 5988
1115392 16716
1132108 3778
1115392 24562
1139954 6332
1139954 6747
1139954 9479
1115392 36998
1152390 1382
1153772 10442
1152390 12588
1164978 4579
1164978 4866
1169844 2542
1169844 4099
1173943 4716
1152390 30883
1183273 1571
1183273 9494
1192767 1642
1192767 11794
1183273 29033
1212306 3000
1212306 9365
1212306 9826
1115392 107834
1223226 3500
1223226 4749
1227975 3970
1223226 9138
731957 502225
1223226 11879
1235105 4025
1239130 3408
1235105 10005
1223226 24562
1245110 6098
1251208 2297
1245110 10030
1251208 4208
1255140 2624
1245110 19136
1264246 463
1264246 3037
1264246 4342
1264246 5668
1269914 1252
1245110 27386
1272496 6034
1272496 9384
1281880 235
1281880 4705
1286585 3203
1232364 57988
1223226 70995
1115392 182431
1297823 331
1297823 8327
1306150 4376
1310526 2059
1310526 11606
1322132 175
1322307 2426
1306150 25695
1331845 4364
1331845 14758
1346603 2779
1349382 6748
1346603 14200
1310526 58163
1360803 8424
1369227 96
1369227 1521
1369227 2025
1369227 5886
1375113 886
1375113 1431
1346603 30354
1239130 141870
1381000 2162
1331845 52153
1383998 5056
1389054 5489
1383998 16542
1400540 713
1401253 209
1400540 5243
1405783 3469
1405783 6897
1383998 28871
1306150 106861
1413011 6807
1419818 1764
1419818 2707
1306150 121991
1428141 649
1428790 10563
1439353 9526
1413011 38125
1428790 24616
1453406 3532
1428790 31498
909956 554842
1464798 12659
1477457 16311
1464798 33612
1498410 996
1498410 6232
1464798 43762
1508560 441
1509001 8046
1517047 3095
1508560 15080
1508560 15948
1464798 60822
909956 619192
1525620 5273
889450 660098
1523640 36998
1530893 32072
1562965 1389
1464798 99763
1564561 152
1564561 2938
1567499 81
1564561 3591
1564561 10524
1564561 12049
1576610 2803
1464798 117260
1582058 6755
1588813 10883
1582058 25960
1608018 1933
1608018 4947
1612965 10601
1623566 6664
1464798 169197
1633995 2477
1633995 10749
1633995 21190
1633995 26671
1660666 4942
1660666 10829
1671495 2517
1671495 3818
1633995 44190
1678185 4458
1678185 10907
1678185 13397
1691582 258
1691840 15412
1707252 502
1707252 1059
1678185 30281
1464798 244732
1709530 24919
1709530 32322
1741852 22663
1709530 64453
1773983 941
1773983 2191
1223226 554842
1778068 11299
1778068 27079
1778068 43680
1778068 45304
1823372 3980
1827352 2656
1778068 67424
1845492 334
1778068 70381
1848449 5241
1853690 21104
1778068 112089
1778068 115960
1894028 25182
1919210 365
1894028 36979
1894028 56385
1778068 172460
1950528 1804
1950528 2944
1953472 2779
1953472 6878
1953472 7958
1953472 10594
1953472 10704
1464798 502225
1967023 5461
1967023 13325
1980348 13726
1967023 31458
1998481 1302
1999783 1459
1999783 18918
2018701 3819
1998481 32023
2030504 12626
2043130 2267
1967023 78643
2045666 18318
2063984 1630
2045666 20260
2045666 20322
2065988 379
2065988 3139
2069127 12709
2069127 27079
2096206 12821
2109027 7235
2069127 48201
2045666 77064
2122730 371
2123101 9339
2045666 92689
2138355 3638
2141993 8670
2141993 16067
2141993 18325
2160318 13134
2138355 59539
1564561 649074
2197894 33103
2230997 759
2231756 10191
2197894 46511
2244405 2554
2244405 3030
2244405 5254
2249659 2126
2249659 5460
2249659 30924
2231756 50583
2197894 96971
1691582 605984
2297566 2361
2299927 338
2280583 30924
2294865 30529
2138355 190197
2328552 618
2328552 2113
2328552 19880
2348432 16882
2348432 22034
2348432 28181
2328552 50709
2328552 85185
2413737 251
2413737 2093
2328552 87733
2416285 2108
2416285 13503
2416285 20644
2416285 44130
2416285 50234
2466519 4168
2466519 17301
2416285 102746
2519031 8184
2527215 45621
2527215 60657
1931007 680322
2587872 28960
2616832 31176
2527215 136559
2519031 149211
2668242 10859
1821748 859642
2668242 41330
1967023 749551
2716574 11047
2716574 19133
2735707 20335
2735707 36477
2772184 45442
2735707 98268
2833975 1548
2835523 2647
2716574 124165
2840739 5635
2846374 9512
2840739 15731
2856470 457
2856470 2597
2859067 19261
2859067 57828
2916895 36057
2916895 53100
2716574 280097
2996671 15649
2996671 42848
2996671 81601
3078272 9799
3088071 8341
3078272 50583
3078272 55209
3133481 26360
3133481 77364
3133481 113719
3247200 3134
3133481 175295
3308776 77632
3308776 80878
3389654 12866
3389654 31546
3421200 37329
2996671 478550
3475221 8
2255119 1223226
2996671 490790
3487461 42355
3529816 20585
3529816 49570
3579386 112935
3579386 115161
3529816 208649
3738465 14260
3579386 279074
3529816 331700
3861516 545
3862061 62419
3924480 9608
3529816 407524
3937340 79570
4016910 52343
3937340 141870
3937340 152566
3937340 405951
4343291 199750
4343291 244816
4343291 476237
4343291 541473
4884764 189828
4884764 227382
3529816 1709530
5239346 105761
5239346 273386
5239346 476049
5715395 282272
5715395 293386
6008781 80542
6089323 58163
6147486 274216
6421702 679433
7101135 298507
7399642 2045666
9445308 1115392
10560700 1093138
11653838 824260
12478098 3937340
16415438 1633995
18049433 354936
18404369 1582058
19986427 1036126
21022553 337789
21360342 1093020
22453362 454639
22908001 605984
23513985 169357
23683342 3861516
27544858 600215
28145073 203503
28348576 2138355
30486931 874264
31361195 806259
32167454 51792
32219246 401290
32620536 1678185
34298721 156728
34455449 2840739
37296188 1564561
38860749 201804
39062553 152588
39215141 192168
39407309 629571
40036880 1525620
41562500 1297823
42860323 865552
43725875 2328552
46054427 1576610
47631037 4845
47635882 384465
48020347 1306150
49326497 962697
50289194 338828
50628022 1223226
51851248 970102
52821350 222920
53044270 757585
53801855 537557
54339412 572208
54911620 1508560
56420180 638204
57058384 255928
57314312 184242
57498554 1152390
58650944 356124
59007068 731957
59739025 13379
59752404 280323
60032727 1608018
61640745 1575085
63215830 66386
63282216 1294221
64576437 184584
64761021 352067
65113088 257209
65370297 65901
65436198 375301
65811499 941052
66752551 746937
67499488 3862061
71361549 1235105
72596654 849003
73445657 1047057
74492714 3475221
77967935 284312
78252247 658220
78910467 3924480
82834947 2416285
85251232 27807
85279039 85740
85364779 508459
85873238 90904
85964142 63294
86027436 591718
86619154 1498410
88117564 2122730
90240294 212943
90453237 105236
90558473 918130
91476603 24530
91501133 1568152
93069285 384618
93453903 882136
94336039 398615
94734654 2413737
97148391 238391
97386782 1428141
98814923 24177
98839100 636474
99475574 2735707
102211281 1099719
103311000 255563
103566563 2065988
105632551 619192
106251743 636525
106888268 50368
106938636 99948
107038584 316516
107355100 794596
108149696 1245110
109394806 37766
109432572 1232364
110664936 302566
110967502 765392
111732894 286820
112019714 543659
112563373 1504642
114068015 326278
114394293 3078272
117472565 284688
117757253 349635
118106888 976214
119083102 226341
119309443 435614
119745057 1579413
121324470 2197894
123522364 748796
124271160 1183273
125454433 1428790
126883223 246321
127129544 3738465
130868009 1778068
132646077 1006090
133652167 881296
134533463 946290
135479753 603116
136082869 1413011
137495880 279074
137774954 584653
138359607 2519031
140878638 1331845
142210483 884520
143095003 811639
143906642 290850
144197492 1950528
146148020 293696
146441716 570044
147011760 440086
147451846 814827
148266673 32610
148299283 1567499
149866782 431338
150298120 450216
150748336 206634
150954970 617773
151572743 1708466
153281209 2466519
155747728 1164978
156912706 669188
157581894 107312
157689206 1894028
159583234 4343291
163926525 385557
164312082 1008795
165320877 3133481
168454358 434833
168889191 1530893
170420084 2460415
172880499 1047928
173928427 1212306
175140733 547492
175688225 158203
175846428 950075
176796503 775460
177571963 437105
178009068 2294865
180303933 859642
181163575 73071
181236646 2833975
184070621 1383998
185454619 2325394
187780013 190334
187970347 60755
188031102 2244405
190275507 158001
190433508 163296
190596804 2727621
193324425 563354
193887779 371452
194259231 4884764
199143995 1034731
200178726 1272496
201451222 1100055
202551277 2230997
204782274 4089906
208872180 68650
208940830 240952
209181782 1094192
210275974 3579386
213855360 1281880
215137240 78144
215215384 737317
215952701 630846
216583547 786974
217370521 3694547
221065068 134030
221199098 602307
221801405 46338
221847743 1310526
223158269 185417
223343686 142441
223486127 889348
224375475 1139954
225515429 416888
225932317 804429
226736746 758369
227495115 827009
228322124 491023
228813147 148665
228961812 49762
229011574 901844
229913418 1524508
231437926 1264246
232702172 120424
232822596 239384
233061980 1523640
234585620 324113
234909733 226741
235136474 1588813
236725287 597536
237322823 461301
237784124 1660666
239444790 54828
239499618 526429
240026047 433019
240459066 740322
241199388 1222132
242421520 660098
243081618 1169844
244251462 3128855
247380317 679800
248060117 1612965
249673082 285332
249958414 821923
250780337 861589
251641926 23491
251665417 5997667
257663084 4806
257667890 193989
257861879 2772184
260634063 48766
260682829 1953472
262636301 96392
262732693 320719
263053412 1286585
264339997 130814
264470811 1192767
265663578 566190
266229768 1322132
267551900 1499406
269051306 655812
269707118 2379261
272086379 2668242
274754621 2141993
276896614 4819528
281716142 546119
282262261 1204561
283466822 889450
284356272 106201
284462473 1998481
286460954 3308776
289769730 988182
290757912 739618
291497530 835777
292333307 1773983
294107290 1623566
295730856 1691582
297422438 1562965
298985403 2527215
301512618 297218
301809836 1269914
303079750 383240
303462990 121630
303584620 3389654
306974274 3421200
310395474 91135
310486609 1132108
311618717 773714
312392431 1290352
313682783 334645
314017428 1346603
315364031 1952332
317316363 2483820
319800183 1567580
321367763 746307
322114070 206043
322320113 944068
323264181 51124
323315305 844397
324159702 1094881
325254583 701635
325956218 1376957
327333175 1149433
328482608 395733
328878341 1509001
330387342 1517047
331904389 524744
332429133 1477457
333906590 2856470
336763060 1020404
337783464 583050
338366514 1104344
339470858 2348432
341819290 330274
342149564 183103
342332667 322871
342655538 725478
343381016 474019
343855035 581241
344436276 1053206
345489482 2069127
347558609 1289788
348848397 1460288
350308685 43711
350352396 564633
350917029 788665
351705694 187471
351893165 1268588
353161753 251736
353413489 166060
353579549 732414
354311963 772332
355084295 1360803
356445098 66905
356512003 834653
357346656 1271166
358617822 301541
358919363 204809
359124172 233730
359357902 4079210
363437112 156582
363593694 283312
363877006 707418
364584424 1890157
366474581 1026078
367500659 460959
367961618 83122
368044740 242572
368287312 16577
368303889 3858460
372162349 825050
372987399 1493768
374481167 478641
374959808 2415830
377375638 1560638
378936276 1124643
380060919 1001722
381062641 941367
382004008 607862
382611870 18759
382630629 229530
382860159 805033
383665192 20486
383685678 827486
384513164 696549
385209713 230274
385439987 2123101
387563088 298196
387861284 442284
388303568 61418
388364986 919888
389284874 995812
390280686 427467
390708153 257216
390965369 147357
391112726 137051
391249777 346722
391596499 2030504
393627003 928725
394555728 304528
394860256 79108
394939364 200293
395139657 384878
395524535 310931
395835466 304335
396139801 1239130
397378931 460296
397839227 807512
398646739 2043130
400689869 722516
401412385 87073
401499458 2231756
403731214 1051697
404782911 1964176
406747087 474968
407222055 17991
407240046 776247
408016293 1689092
409705385 3039519
412744904 1999783
414744687 534668
415279355 1671495
416950850 156130
417106980 142050
417249030 437254
417686284 282223
417968507 712289
418680796 301377
418982173 3100
418985273 807925
419793198 720256
420513454 99770
420613224 2297566
422910790 224538
423135328 472274
423607602 845385
424452987 2282339
426735326 812446
427547772 2756042
430303814 123951
430427765 3402520
433830285 2376613
436206898 1087644
437294542 638104
437932646 608852
438541498 766999
439308497 86658
439395155 2066367
441461522 468192
441929714 1453406
443383120 628446
444011566 1278530
445290096 418617
445708713 223395
445932108 2249659
448181767 1267283
449449050 914600
450363650 20539
450384189 2835523
453219712 160685
453380397 1221671
454602068 590413
455192481 1412869
456605350 252982
456858332 1130631
457988963 808910
458797873 1400540
460198413 1848449
462046862 840965
462887827 2241947
465129774 893766
466023540 1146701
467170241 46962
467217203 516195
467733398 2859067
470592465 618180
471210645 683650
471894295 1018327
472912622 911079
473823701 512382
474336083 82624
474418707 1529148
475947855 713641
476661496 2299927
478961423 182204
479143627 555468
479699095 1020435
480719530 2280583
483000113 507449
483507562 1389054
484896616 2663774
487560390 25029
487585419 1071274
488656693 635017
489291710 304420
489596130 15724
489611854 369603
489981457 442487
490423944 1741852
492165796 489938
492655734 1255140
493910874 934656
494845530 647638
495493168 550111
496043279 4588107
500631386 1122374
501753760 1845492
503599252 1312585
504911837 2255119
507166956 3934088
511101044 1599696
512700740 292139
512992879 932933
513925812 48132
513973944 538802
514512746 1823372
516336118 225111
516561229 160653
516721882 1369227
518091109 458460
518549569 1375113
519924682 754268
520678950 2117328
522796278 1061762
523858040 1234182
525092222 945239
526037461 1980348
528017809 474647
528492456 2251785
530744241 4016910
534761151 285401
535046552 265392
535311944 210562
535522506 202830
535725336 313241
536038577 540839
536579416 4543041
541122457 911330
542033787 517122
542550909 107727
542658636 1376544
544035180 149805
544184985 433179
544618164 1251208
545869372 1405783
547275155 1394543
548669698 534514
549204212 1950413
551154625 3692321
554846946 15673
554862619 200444
555063063 61810
555124873 2709572
557834445 240582
558075027 744753
558819780 1439353
560259133 2247435
562506568 477221
562983789 561537
563545326 2065926
565611252 812232
566423484 1169557
567593041 402767
567995808 512765
568508573 3550401
572058974 2587872
574646846 783002
575429848 879561
576309409 212584
576521993 2160318
578682311 808813
579491124 2370466
581861590 463084
582324674 755795
583080469 1564713
584645182 764733
585409915 345725
585755640 144418
585900058 835777
586735835 174125
586909960 983278
587893238 288924
588182162 3247200
591429362 2132440
593561802 127922
593689724 347668
594037392 284510
594321902 31215
594353117 178331
594531448 2096206
596627654 853961
597481615 282734
597764349 271529
598035878 908302
598944180 565332
599509512 264402
599773914 311177
600085091 100109
600185200 6641
600191841 198874
600390715 822002
601212717 318250
601530967 523950
602054917 200920
602255837 1003316
603259153 228575
603487728 1368689
604856417 1675313
606531730 427199
606958929 1257764
608216693 1255416
609472109 533152
610005261 181101
610186362 2158060
612344422 1409252
613753674 107440
613861114 1194409
615055523 850622
615906145 100634
616006779 2150663
618157442 1520142
619677584 141428
619819012 120220
619939232 172658
620111890 197074
620308964 2045397
622354361 341035
622695396 70889
622766285 2875
622769160 619729
623388889 1264709
624653598 988007
625641605 377548
626019153 1853690
627872843 660185
628533028 462469
627872843 1579413
629452256 57872
629510128 857112
630367240 2018701
632385941 31218
632417159 770649
633187808 2616832
635804640 353681
636158321 1077964
637236285 1964066
639200351 353512
639553863 46777
639600640 177663
639778303 35205
639813508 9821
639823329 780271
640603600 215841
640819441 178704
640998145 98753
641096898 2916895
644013793 62723
644076516 715867
644792383 94650
644887033 747512
645634545 202016
645836561 128075
645964636 540684
646505320 2470687
648976007 100570
649076577 966463
650043040 650528
650693568 53273
650746841 2173452
652920293 334996
653255289 1419818
654675107 361305
655036412 213196
655249608 1173943
656423551 1381000
657804551 591718
658396269 1821748
660218017 285724
660503741 1994074
662497815 3250334
665748149 212263
665960412 743408
666703820 2109027
668812847 2022520
670835367 669059
671504426 914703
672419129 963016
673382145 346311
673728456 139429
673867885 72541
673940426 1961430
675901856 317850
676219706 29747
676249453 1052720
677302173 1609951
678912124 837516
679749640 519793
680269433 171380
680440813 1931007
682371820 52858
682424678 2572836
684997514 408692
685406206 1371252
686777458 486895
687264353 594941
687859294 474557
688333851 36108
688369959 86460
688456419 999319
689455738 329382
689785120 1215306
691000426 2856927
693857353 31282
693888635 60188
693948823 855555
694804378 1000351
695804729 379491
696184220 1247788
697432008 225512
697657520 85670
697743190 1349382
699092572 2330665
701423237 245395
701668632 130616
701799248 1972484
703771732 153829
703925561 1682643
705608204 790680
706398884 217669
706616553 812634
707429187 2246959
709676146 1117728
710793874 440408
711234282 2838170
714072452 4155
714076607 172717
714249324 4069253
718318577 364795
718683372 775236
719458608 10186
719468794 436938
719905732 1874794
721780526 308469
722088995 1960350
724049345 549645
724598990 2436929
727035919 88661
727124580 386620
727511200 32041
727543241 678796
728222037 1322307
729544344 464226
730008570 3012320
733020890 1184844
734205734 65905
734271639 2429788
736701427 2329170
739030597 522285
739552882 3475229
743028111 398837
743426948 484720
743911668 954889
744866557 1919210
746785767 1422525
748208292 687422
748895714 272155
749167869 182077
749349946 1665608
751015554 665865
751681419 190498
751871917 972214
752844131 169456
753013587 554187
753567774 1789367
755357141 1655185
757012326 890829
757903155 90246
757993401 226744
758220145 840282
759060427 8162
759068589 203246
759271835 1412680
760684515 1691840
762376355 758175
763134530 794127
763928657 1421582
765350239 157656
765507895 1564354
767072249 392793
767465042 821134
768286176 38711
768324887 216172
768541059 1451136
769992195 1146286
771138481 215833
771354314 5512732
776867046 302435
777169481 913161
778082642 47197
778129839 269175
778399014 905533
779304547 241784
779546331 649074
780195405 1009156
781204561 468303
781672864 1253505
782926369 379153
783305522 857497
784163019 719421
784882440 556366
785438806 836258
786275064 683840
786958904 1919575
788878479 1805147
790683626 306455
790990081 219892
791209973 883577
792093550 1456938
793550488 1674012
795224500 813509
796038009 1336209
797374218 3210845
800585063 1153772
801738835 891878
802630713 1135886
803766599 2063984
805830583 1375999
807206582 2413988
809620570 2969995
812590565 386537
812977102 5112146
818089248 1707252
819796500 1644744
821441244 2116262
823557506 1764515
825322021 1827352
827149373 680322
827829695 1707754
829537449 2065614
831603063 1129454
832732517 938152
833670669 753598
834424267 1448879
835873146 932602
836805748 1077254
837883002 805934
838688936 1630230
840319166 22782
840341948 161278
840503226 193422
840696648 3478345
844174993 1164214
845339207 213750
845552957 2846374
848399331 150071
848549402 593854
849143256 776688
849919944 617871
850537815 818681
851356496 257442
851613938 486915
852100853 1383162
853484015 1734449
855218464 403871
855622335 422225
856044560 911778
856956338 1005756
857962094 189692
858151786 2681390
860833176 3159841
863993017 255347
864248364 725603
864973967 148946
865122913 404515
865527428 236940
865764368 1776174
867540542 522930
868063472 2213635
870277107 291845
870568952 35633
870604585 2878328
873482913 5345107
878828020 942592
879770612 1401253
881171865 13806
881185671 38876
881224547 1032612
882257159 328373
882585532 1324733
883910265 942634
884852899 2855886
887708785 678960
888387745 1636472
890024217 3458529
893482746 81997
893564743 619933
894184676 2611329
896796005 235582
897031587 199841
897231428 442878
897674306 228872
897903178 159420
898062598 346153
898408751 5074592
903483343 640900
904124243 1242538
905366781 940931
906307712 2081836
908389548 480714
908870262 64097
908934359 3752725
912687084 2300265
914987349 683794
915671143 152163
915823306 80689
915903995 1066658
916970653 191315
917161968 2365314
919527282 975764
920503046 1172386
921675432 1370748
923046180 300261
923346441 1401462
924747903 33805
924781708 1830008
926611716 1227975
927839691 104954
927944645 966659
928911304 223974
929135278 3386408
932521686 958976
933480662 876420
934357082 66663
934423745 1774924
936198669 1282115
937480784 1956251
939437035 2648008
942085043 235360
942320403 719019
943039422 601285
943640707 276615
943917322 608037
944525359 164988
944690347 3088071
947778418 236572
948014990 141718
948156708 1369323
949526031 1226726
950752757 2952952
953705709 284056
953989765 1035095
955024860 329082
955353942 1178659
956532601 158258
956690859 730681
957421540 1708311
959129851 1549548
960679399 171443
960850842 487362
961338204 750418
962088622 864730
962953352 650903
963604255 278508
963882763 2001242
965884005 71735
965955740 304757
966260497 43133
966303630 86310
966389940 39155
966429095 12109
966441204 267951
966709155 607441
967316596 1298154
968614750 230149
968844899 213261
969058160 458125
969516285 482446
969998731 2311507
972310238 970633
973280871 734130
974015001 123242
974138243 1231945
975370188 863737
976233925 2418393
978652318 548262
979200580 119228
979319808 230365
979550173 493598
980043771 2817626
982861397 1356130
984217527 1845826
986063353 2679101
988742454 290935
989033389 544459
989577848 919
989578767 2699
989581466 229185
989810651 1106052
990916703 3096412
994013115 1013673
995026788 258522
995285310 538190
995823500 979355
996802855 872295
997675150 123604
997798754 796556
998595310 465527
999060837 426301
