2987
1 1
2 2
4 1
4 2
6 1
4 4
8 1
8 2
9 4
8 7
8 8
16 2
16 6
22 1
22 2
24 2
24 5
16 16
32 1
33 1
33 4
37 1
33 7
40 1
24 18
42 1
43 2
42 6
48 1
48 4
32 22
54 2
56 1
54 4
54 7
61 2
32 32
64 2
64 4
61 8
69 2
71 1
71 5
54 24
78 1
64 18
82 2
82 4
86 2
82 7
82 8
90 2
89 4
93 8
101 1
101 2
101 5
89 18
107 2
109 4
109 7
64 54
118 2
120 1
120 2
120 5
122 4
120 7
64 64
128 1
128 4
132 1
133 6
133 7
118 23
128 18
146 2
141 8
128 23
128 24
152 2
151 4
155 1
156 2
152 7
159 1
160 1
159 4
129 42
171 5
158 22
151 32
152 42
194 5
194 7
201 4
183 23
206 2
205 4
152 61
213 5
218 2
152 78
230 2
230 6
128 118
246 2
248 4
128 128
256 1
257 6
263 6
263 8
256 18
256 22
278 8
286 2
286 16
278 29
307 8
315 2
315 4
315 6
246 78
324 4
324 6
256 82
338 1
338 2
340 2
340 6
346 4
350 10
340 23
346 23
346 24
370 1
370 6
370 8
340 42
369 18
370 29
387 15
402 2
382 24
256 152
408 2
370 48
408 15
423 8
408 29
370 69
437 5
230 213
443 1
408 48
456 6
443 22
465 5
465 7
472 10
456 29
456 32
488 1
488 2
387 107
494 2
494 5
494 8
256 256
512 2
512 8
494 29
523 1
523 2
525 4
525 10
523 15
535 5
523 22
540 16
556 5
494 69
563 6
569 15
563 24
587 2
512 78
590 1
589 15
512 93
590 18
370 246
616 6
605 24
629 5
587 49
616 29
645 10
655 6
661 2
634 41
636 40
655 22
677 16
512 183
693 13
675 32
370 338
708 2
708 5
713 5
713 7
708 16
369 369
708 41
724 42
512 257
769 2
769 6
775 6
775 7
775 8
783 1
784 1
785 7
785 9
738 58
775 29
804 6
810 9
738 84
822 4
822 5
827 8
769 79
848 8
769 90
856 6
862 7
862 8
870 9
859 22
443 443
886 4
886 7
893 6
893 8
901 1
859 54
902 23
902 42
769 194
963 1
964 15
902 86
901 90
991 6
991 9
963 38
1001 1
1002 2
997 16
1001 15
1002 18
512 512
1024 1
1020 7
1027 2
1020 15
1024 24
1024 49
1024 69
1093 1
1094 1
859 246
1024 90
1114 1
1114 2
1116 1
991 133
1093 40
1114 22
1124 23
1124 29
1133 33
1105 92
1105 118
1114 132
1223 37
1260 15
1223 58
1246 37
1281 5
1286 5
1291 6
1286 22
1291 29
1283 38
1291 41
1283 56
1332 18
1283 76
1024 338
1362 5
1362 9
1339 37
1350 29
1362 23
1385 2
1362 33
1395 15
1387 29
1024 408
1395 49
1444 8
1452 58
1510 5
1362 155
1517 2
1432 102
1517 29
1432 133
1565 1
1566 2
1568 4
1566 8
1574 5
1579 1
1579 2
1581 15
1581 16
1580 18
1598 2
1598 15
1572 54
1626 5
1566 71
1637 4
1637 15
1652 5
1637 23
1660 4
1637 32
1657 24
1664 32
1696 10
1637 86
1706 37
1669 89
1565 194
1759 5
1764 5
1432 346
1778 1
1759 33
1792 5
1797 4
1779 49
1779 58
1778 68
1846 5
1846 10
1856 4
1846 22
1846 24
1870 2
1870 22
1872 24
1828 69
1897 6
1903 13
1778 152
1801 141
1897 54
1951 9
1951 10
1942 22
1964 1
1960 32
1930 64
1930 69
1999 22
1999 42
1024 1024
2048 5
2048 8
1930 128
2048 22
2070 1
2058 23
2081 2
2081 5
2083 6
2058 48
2058 49
2107 5
2112 29
2048 101
2107 56
2149 38
2187 6
2193 1
2194 18
2212 13
2193 40
2194 42
2233 6
2239 7
2193 64
2048 213
1828 444
2272 5
2277 16
2048 246
2294 5
2299 23
2272 57
2294 40
2329 8
2334 10
2344 16
2360 38
2334 69
2334 72
2406 8
2360 61
2421 5
2344 89
2433 6
2261 183
2403 61
2464 6
2334 146
2149 340
2489 2
2444 56
2500 13
2294 230
2524 22
2500 71
2571 10
2581 7
2524 71
2595 1
2595 2
2597 7
2604 6
2489 171
2595 84
2679 1
2595 101
2696 49
2696 68
2680 86
2680 90
2770 1
1778 1001
2779 1
2770 22
2780 15
2780 29
2779 40
2779 54
2833 15
2833 18
2848 6
2854 54
2851 76
2833 129
2480 488
2968 2
2848 140
2294 695
2989 5
2968 38
2968 41
2989 24
3013 22
3013 23
3009 54
3063 15
3078 15
3093 8
3006 101
3078 40
3107 23
3130 56
3186 2
2595 605
3188 72
2994 286
3280 2
3093 201
3063 246
2489 822
3309 5
3311 16
3314 15
3200 149
3349 22
3186 206
3349 54
3329 93
3392 93
1930 1565
3422 90
3403 128
3531 15
2048 1517
3565 58
2524 1114
3638 8
3638 43
3681 2
3565 128
3646 66
3712 10
3546 183
3638 107
3745 16
3761 33
3794 1
3638 158
3745 58
3803 1
3804 15
3803 52
3803 58
3495 369
3864 5
3861 54
3864 71
3935 4
3864 76
3861 118
3861 146
3940 89
4007 58
4065 15
3864 218
4082 6
2048 2048
4096 15
4111 23
4111 29
4096 48
4144 57
4140 76
4216 10
4144 103
4144 140
4284 5
4144 151
4284 41
3864 490
4354 1
4354 8
4295 84
4284 122
4379 42
4379 56
4289 159
4096 370
4466 58
4466 66
4421 161
4466 155
4466 171
4637 6
4637 10
4647 9
4295 387
4295 399
4694 5
4637 66
4703 5
4703 40
4466 324
4790 15
4708 139
4790 66
4790 69
4096 769
4865 7
4872 4
4466 418
4884 10
4894 4
4894 5
4865 58
4923 4
4927 1
4923 33
4956 6
4956 33
4956 88
4956 89
5045 5
4923 149
5072 1
5073 37
5050 69
4923 218
5141 54
5195 1
5196 23
5195 54
5195 120
5072 257
5315 89
5315 90
4096 1362
5329 148
5195 307
4096 1432
5045 494
5528 18
5546 56
5458 161
5602 128
5249 540
5458 346
5477 387
5546 324
3349 2524
5730 171
5546 363
5477 443
4865 1093
5958 126
5958 176
5539 645
6134 78
5528 738
6266 15
6266 71
5528 848
6376 4
4096 2294
6380 24
6380 152
5870 708
6578 16
6594 32
6578 76
6578 89
6578 127
6390 340
6730 58
6730 248
4532 2489
7021 71
6730 369
6788 324
7099 40
7099 106
7205 15
7205 34
7099 159
7258 42
7258 84
7342 10
7220 152
7372 33
7405 1
7342 76
7418 8
7426 32
7258 236
7494 15
7342 199
6978 591
7494 78
7572 5
7572 140
7099 616
7715 122
7712 176
7021 913
7021 925
7092 862
7099 859
7958 7
7958 15
7973 6
7973 22
7958 106
7973 102
8075 1
8075 8
7099 1001
8083 29
7973 206
4096 4096
8192 8
8179 33
8212 40
8083 220
8200 220
8192 252
8420 71
7973 523
8179 350
8444 132
8576 37
8179 523
7973 769
8742 5
8747 5
8752 125
7958 963
8921 40
8747 263
4790 4284
9074 8
9074 22
8192 963
9155 122
9155 176
8576 862
9438 16
9155 321
6978 2524
9155 523
9502 199
7715 2058
8179 1637
9773 89
9155 708
9816 68
9155 738
9893 29
9863 129
9893 141
10034 201
6390 3940
10235 107
10235 156
10391 6
9155 1246
10401 129
10530 278
10397 437
10808 41
10391 470
10849 16
10865 90
10955 15
10970 4
9155 1846
10530 523
10808 378
11186 23
10401 1093
11494 6
11500 64
10808 925
11494 382
9863 2048
11876 86
11962 49
11876 158
10034 2081
12115 84
12199 40
12199 61
12260 13
10401 1930
12331 48
12331 103
12379 107
12379 146
12199 437
12331 346
12677 132
12809 32
12677 263
12434 545
8192 4865
8100 5044
12199 1035
13057 360
13057 387
13444 1
13444 71
8192 5458
8192 5528
13720 38
13650 129
13758 34
13720 246
13515 608
12331 1801
8742 5546
10974 3349
13720 775
9476 5050
14495 78
14495 93
14288 418
13720 1223
13720 1395
11053 4082
15115 133
12331 2989
13720 1778
15135 382
15498 29
15517 160
14706 988
15527 399
14943 1197
15527 713
14123 2212
11500 4859
15926 444
8192 8192
16384 64
16448 160
10808 5909
16717 90
16384 443
16827 42
16608 315
16923 218
16827 406
16448 1002
16827 902
16827 991
16140 1706
17729 159
16827 1105
17932 89
18021 6
17932 286
17932 494
18426 18
16384 2261
14943 3745
18688 16
17932 886
18818 6
16359 2595
18824 771
18824 782
18645 1073
19718 315
19718 525
18645 1759
14943 5528
20404 102
20404 201
20506 194
20404 590
20404 913
18021 3495
21516 82
21598 40
21516 589
18645 3495
22140 66
22140 248
22206 286
22492 102
18645 4295
22940 38
22940 257
22140 1114
23254 90
22940 456
23396 107
23503 76
12979 10808
23787 40
18218 5870
23787 387
22978 1565
23344 1696
23396 2058
25454 29
18645 7099
25744 444
23396 3013
26409 2
25744 893
26637 78
14495 12331
26637 286
26923 22
19718 7715
26637 1124
18645 9155
27800 502
23827 5045
27800 1197
27800 1637
29437 1
16384 13057
29441 406
29441 622
29438 856
29441 886
23787 7092
30879 64
30879 180
30327 944
31271 107
31059 378
30327 1116
30327 1565
31892 724
30327 2334
16384 16384
32768 1568
30327 4082
34409 485
34336 822
22978 12199
32768 2989
35158 1004
35757 587
36344 22
36344 125
35757 1846
25454 12331
36469 1566
37603 563
38166 140
38166 636
38802 677
32768 7220
37603 2581
32768 7973
40741 89
40830 899
41729 194
41729 248
41977 109
41729 465
41977 220
42194 160
41977 886
38306 4621
42354 893
37785 6788
40741 4144
44885 180
44885 616
45501 796
32768 13720
46488 127
46488 901
47389 121
47389 488
47877 1147
46297 3093
47877 2193
40741 9701
46488 4637
51125 79
51204 5
51204 569
51773 271
51204 988
47389 5404
46488 6376
51125 1994
52864 1035
53899 963
54862 869
52864 3940
56804 629
46488 11494
57982 1117
57982 1416
37603 22492
46488 13650
60138 92
60230 771
61001 523
61524 205
61524 1016
60138 2480
62618 158
60230 3013
62776 1801
64577 129
64577 155
60138 4923
65061 263
32768 32768
65061 749
65536 695
64577 1797
64706 1961
66374 771
66374 1339
67713 538
51204 17141
66231 2595
62618 6390
65536 3638
69174 584
69008 1105
69174 1572
69174 1837
71011 738
65536 6390
71926 1283
71926 2524
74450 246
73209 2994
71011 5528
76539 232
76771 33
64577 12379
76539 1942
76539 2779
79318 1166
79318 1897
81215 472
74696 7021
71926 9893
81819 2053
81819 2149
74450 9893
74450 10401
84851 944
85795 232
84851 1281
84851 5195
90046 328
84851 5546
90397 350
90747 171
73209 17729
90747 402
90397 881
90747 991
91278 2233
90397 4621
95018 89
90397 5909
96306 3565
71926 29441
101367 784
102151 171
101367 2299
101367 4790
106157 376
106157 2660
108817 410
108817 589
108817 1260
109406 902
102322 8252
106157 5958
112115 1002
113117 402
112115 1574
113689 2212
113689 3861
113689 4111
115901 4703
117800 7139
124939 879
117550 9010
124939 3371
126560 1964
101367 27800
113689 15498
65536 65536
131072 1579
132651 2041
134692 3282
131072 7205
138277 34
138311 163
138474 8
138474 783
131072 8742
113117 29438
131072 12331
143403 489
143403 1286
143403 2081
145484 43
145484 708
131072 15498
146570 1758
146570 3006
112115 37603
146570 4289
150859 1379
146570 7258
153828 3078
156906 1696
158602 781
159383 113
159496 340
146570 14943
161513 804
159383 3130
161513 3200
164713 1020
165733 913
166646 1872
146570 22140
168710 126
168836 5539
174375 693
174375 1452
174375 1626
168710 7494
176204 418
176622 794
131072 46488
177560 1359
177560 2439
175827 4699
177560 3803
181363 462
177560 4284
181844 1779
181844 1792
181844 2056
177560 7958
185518 209
183636 2277
185518 856
186374 24
186374 862
187236 1792
189028 3107
192135 1706
189028 5870
194898 64
192135 2848
185518 10034
195552 1896
195552 2833
198385 45
195552 3349
198385 710
199095 2464
201559 288
189028 13444
131072 71926
202998 5901
208899 2293
202998 9010
212008 152
212008 1133
213141 63
212008 1999
214007 140
145484 68826
214007 1764
214007 1870
215877 442
212008 4694
202998 14288
217286 3864
221150 1359
202998 22206
225204 139
225204 1197
226401 890
132651 95018
226401 1660
226401 2696
229097 1035
225204 5141
202998 29437
222509 14495
202998 35757
238755 529
239284 1410
238755 2344
241099 1013
242112 161
242112 2696
242273 3188
242112 3392
245504 2225
245504 2239
242112 5730
245461 3512
198430 53899
248973 4656
241099 15320
247842 9155
256997 470
257467 1371
238755 20243
258998 1321
202998 57982
131072 131072
262144 605
262749 1517
264266 2163
264266 4140
268406 2491
270897 13
270897 608
268406 4029
262749 10808
273557 997
271505 3403
262144 13444
275588 7965
283553 274
283827 1000
283553 3979
275588 12636
275588 13966
289554 437
289554 520
290074 1153
275588 15926
291514 431
291514 1027
291514 2070
292541 1073
291514 3309
294823 1260
270897 26637
294823 2770
291514 6380
297894 230
297894 496
275588 26188
301776 4029
305805 52
291227 16923
308150 1376
305805 4065
275588 34336
309526 1965
309924 1652
311576 2406
309924 7494
311576 8529
309924 11001
289554 31892
275588 46615
322203 456
275588 47389
322659 2048
324707 369
322977 2403
311491 14706
301776 25454
275588 52864
328452 2426
322203 9010
328452 3186
331638 3188
331638 4847
328452 10397
309924 30879
328452 12979
262144 81819
343963 1385
262144 84343
262144 84851
346995 431
290074 59099
346995 2489
349484 782
350266 2680
352946 496
353442 42
349484 5404
354888 1598
354888 2500
357388 556
354888 5044
354888 6266
359932 1660
349484 12434
346995 16448
262144 101367
363443 338
363781 269
363511 604
363511 1001
222509 143892
364512 1961
366473 1960
366473 3118
369591 819
370410 1916
364512 9678
374190 1291
375481 1951
377432 675
375481 3063
364512 18021
364512 20506
363511 22940
386451 423
368433 18645
386874 749
385018 2854
386874 1951
386874 3311
386874 8212
386874 9476
386451 10530
396981 2083
396981 4088
401069 8877
396981 17729
414710 490
414710 2968
417678 3693
414710 7220
396981 25454
422435 826
417678 5909
423587 1546
417678 9074
422435 4894
427329 2571
429900 2322
425133 7205
422435 9992
422435 10330
432765 2851
432765 3036
435801 3009
262144 177560
439704 1510
439704 2187
441891 749
441891 4647
446538 827
446538 901
396350 52192
448542 2414
446538 5249
451787 2089
439704 17233
456937 1696
456937 1961
456937 4140
456937 4884
439704 22978
462682 122
462804 792
262144 202998
465142 439
465581 499
465142 4466
469608 342
469950 1332
471282 1332
469608 4362
473970 2112
469608 9701
313982 168710
479309 3729
465142 18645
483787 161
483948 122
465581 20033
485614 151
485614 1350
486964 1515
484070 5119
484070 6705
483787 8100
483787 9863
493650 561
490775 3795
493650 1286
491887 4029
495916 766
289554 212008
493650 8747
502397 72
502469 1320
503789 616
501562 12331
483787 30327
514114 1797
514114 3745
517859 6404
524263 66
465142 60138
525280 870
526150 371
525280 2106
527386 3681
525280 8179
533459 707
451787 84851
526521 13720
533459 6978
540437 3623
540437 4859
545296 3280
545296 4694
549990 645
550635 661
540437 12199
552636 5873
558509 540
559049 485
559049 2679
561728 2795
533459 31892
565351 4532
569883 5804
417678 159383
575687 1631
565351 12115
577466 499
577466 590
569883 10034
578056 6626
578056 15517
593573 103
525280 69174
594454 2588
597042 6084
594454 9816
604270 2071
606341 338
606679 2604
606679 3329
338849 271505
610354 2489
594454 18426
612880 925
613805 406
613805 2086
612880 3349
616229 1362
616229 1581
612880 6266
612880 6978
619858 5072
624930 1903
612880 16608
629488 1769
629488 7112
594454 44885
639339 964
639339 1029
640368 3795
484070 164713
612880 38802
651682 1626
653308 315
639339 14495
525280 129167
654447 1597
654447 4289
658736 7934
616229 53119
654447 16240
525280 146570
671850 3869
671850 4856
676706 2610
614211 68345
456937 230345
687282 1004
654447 35757
690204 1851
690204 5619
695823 2596
671850 26715
698565 1641
698565 3712
698565 8076
671850 40741
712591 3935
706641 10865
690204 28997
712591 10391
479309 245461
722982 2771
725753 2908
716526 12486
728661 1275
728661 1444
730105 66
725753 5539
730105 9277
722982 17141
722982 17450
740432 4216
740432 8083
712591 37785
750376 1669
752045 2470
752045 2780
754825 5110
750376 9773
712591 51125
754825 11186
766011 10834
766011 12525
712591 66231
778822 655
779477 4989
495916 289554
779477 6337
785814 3819
785814 5073
790887 444
790887 3915
785814 9862
794802 3078
797880 2141
778822 23787
778822 27761
806583 148
806731 3294
806583 4082
810025 1579
810665 1534
812199 1992
812199 2246
810665 4421
815086 1136
748515 70746
810665 8921
819586 2546
822132 1600
822132 8961
810665 20471
831136 4805
831136 5196
836332 3035
810665 28997
839662 2809
839662 4743
839662 6212
810665 42194
852859 57
778822 74450
853272 1094
802609 52044
854366 4872
859238 3422
852859 16717
859238 11494
869576 1664
852916 20033
871240 7712
871240 7946
879186 4435
883621 1706
525280 363511
888791 1387
888791 2056
763716 131072
802609 95107
894788 7406
465142 439704
904846 88
904934 4928
904934 7092
912026 810
912026 3796
915822 8112
915822 9884
925706 1519
927225 116
904846 25744
930590 4876
930590 10865
941455 4226
941455 6532
941455 7418
927225 22940
930590 20033
950623 2851
930590 23396
953986 2337
953986 9454
953986 9922
963908 3531
967439 1025
953986 16923
970909 591
971500 676
930590 42086
972676 1367
972676 4406
904846 74450
979296 14588
993884 706
979296 16359
979296 17932
682556 317418
997228 4682
1001910 5789
995655 12841
1007699 1297
979296 32661
1011957 2988
1011957 4956
1016913 148
1017061 4325
1011957 11876
728661 298124
1023833 4448
1023833 5315
1029148 2070
1029148 2444
1031592 1856
1029148 4703
1033851 2194
1033851 5329
1039180 7300
1039180 7572
1039180 8702
1033851 14132
1047983 1321
1049304 232
1049536 979
1047983 5477
1047983 6134
1054117 2277
1054117 3804
1057921 1860
1057921 2962
1054117 7569
1061686 9
1056394 5619
1061686 7405
1069091 404
1069495 346
1047983 22492
1070475 3093
1073568 4582
1033851 45501
1079352 835
1080187 2970
979296 106157
1085453 213
1085453 9074
1094527 2421
1096948 3314
1100262 2344
1096948 8576
1105524 5050
1096948 18218
1094527 21638
1116165 23
1116165 634
1116799 1657
1094527 27433
1085453 40830
1126283 1002
1127285 1048
1128333 3546
1131879 1613
1118456 16384
1127285 14706
1141991 1965
1126283 17818
1144101 307
1144408 1133
1145541 2433
1144408 7372
1126283 26637
1152920 2764
1152920 4379
1157299 339
1157299 1115
1152920 7541
979296 185518
1164814 220
1165034 1197
1164814 1566
1166380 208
1166380 5502
1166380 7342
1166380 9502
1175882 2257
1166380 20404
1186784 2106
1186784 3130
1189914 4643
1194557 2927
1186784 11186
1197970 2513
1197970 3761
1166380 36344
1166380 38166
1204546 1723
1206269 8075
1214344 12260
1206269 20994
1227263 2236
1227263 7352
1234615 6184
1234615 16335
1234615 19606
1234615 25040
1227263 41977
1269240 1964
1227263 45065
1272328 7837
1280165 5045
1285210 1350
1285210 1994
1287204 1095
1288299 4355
1206269 96306
1302575 2360
1304935 1596
1164814 143403
1308217 24
1308241 3512
1308217 15115
1323332 4354
1323332 4708
1328040 317
1328040 1868
1329908 524
1323332 7715
894788 442640
1331047 8444
1339491 3260
1339491 15135
1339491 21516
1361007 1580
1362587 3939
1362587 8252
1323332 51773
1375105 514
1375105 848
1375105 7577
1361007 23344
1382682 3804
1361007 36469
1397476 8752
1397476 13234
1410710 5502
1339491 81717
1421208 2581
904846 525280
1430126 2107
1432233 3485
1049304 388825
1432233 7954
1440187 5864
1339491 113689
1440187 22105
844405 619858
1462292 3722
1017061 451787
1462292 6594
1468886 13445
1440187 49024
1430126 62618
1492744 319
1492744 2994
1495738 4134
1495738 18027
1492744 24543
1517287 720
1518007 3130
1493063 31443
1524506 3327
1492744 50442
1517287 26826
1544113 180
1517287 36366
1492744 62776
1492744 69008
1561752 18824
1580576 160
1580736 3796
1023833 561728
1580736 8420
1561752 29438
1591190 16869
1591190 18688
1609878 8200
1585561 35757
1621318 14573
1561752 99871
1561752 103666
1665418 2597
1430126 238755
1668881 5405
1674286 8491
1029148 654447
1683595 718
1674286 12034
1674286 21317
1695603 7509
1703112 9082
1695603 16807
1695603 28872
1397476 328452
1695603 32616
1178139 561728
1728219 11962
1728219 13515
1674286 71749
1746035 154
1746189 10342
1756531 540
1746189 12841
1746035 13779
1287204 483787
1770991 2071
1746035 39479
1785514 2766
1785514 24088
1809602 3683
1809602 4201
1813803 2792
1674286 149576
1823862 11209
1835071 6281
1835071 14123
1849194 1892
1809602 45065
1495738 361154
1668881 189028
1857909 5602
1863511 5958
1869469 7426
1863511 15248
1878759 12239
1878759 13417
1892176 13758
1905934 15677
1892176 31059
1923235 13792
1937027 18704
1892176 64706
1857909 110077
1967986 8496
1976482 1308
1813803 165733
1976482 14323
1990805 26
1668881 322977
1991858 23197
1991858 36162
1991858 38035
1991858 41729
2033587 4899
2038486 4699
2033587 10397
2033587 23503
2057090 1743
2057090 7888
2057090 12809
1991858 90046
2081904 9096
2091000 1025
2091000 5219
2081904 26409
2108313 10861
2108313 12379
1809602 311576
2121178 6654
1991858 146570
2138428 12273
2138428 18818
2157246 535
2157781 1681
1668881 493650
2162531 13144
2162531 15527
2178058 22388
2200446 315
2178058 35158
2213216 26945
2213216 34409
2213216 70113
2283329 22594
2305923 7954
2313877 4007
1430126 888791
2318917 6730
2325647 12486
2325647 17888
2343535 4524
2343535 26923
2325647 74696
2400343 3063
2325647 90397
2416044 2819
2418863 19595
2416044 29847
2445891 31437
2416044 62540
2478584 21598
2500182 8064
1728219 811604
2500182 50070
2550252 2745
2478584 76539
2555123 870
2555993 44573
2555993 61729
2555993 76203
2555123 90374
2645497 482
2645497 8303
2653800 4247
2645497 16370
2661867 2021
2325647 349484
2675131 6788
2681919 14526
2675131 40184
2715315 5920
2721235 2398
2675131 64732
2739863 8613
2675131 85795
2760926 302
2761228 785
2762013 12011
2761228 23579
2784807 4898
2789705 7979
2784807 43247
2828054 4080
2760926 79318
2760926 81215
2325647 517859
2843506 330
2843836 6578
2850414 2272
2850414 42354
2892768 3646
2325647 594454
2920101 10955
2931056 7995
2939051 17846
2920101 60230
2980331 18444
2980331 25483
3005814 2848
3008662 3403
2980331 52192
3032523 3794
3036317 30943
3032523 50442
3082965 7458
3090423 663
3032523 78481
3111004 2854
3113858 10974
3124832 605
3124832 4927
3113858 31271
3032523 194962
3227485 24174
2325647 979296
3304943 20605
3325548 11564
3325548 23254
3348802 9438
3348802 47510
3325548 79318
3404866 6667
3404866 81687
3486553 42927
3529480 52793
3529480 213141
3304943 483787
3788730 3101
3788730 117550
3906280 30879
3788730 164713
3953443 10970
3964413 7239
3953443 53899
4007342 2089
4007342 15694
4023036 115901
4138937 128524
3788730 671850
4460580 60095
4520675 66667
4520675 159836
4520675 334826
4460580 558509
4460580 654447
5115027 811604
5115027 2920101
8035128 346995
8382123 469608
8851731 930590
9782321 1164814
10947135 346487
11293622 712591
12006213 195552
12201765 1308217
13509982 260980
13770962 639339
14410301 16827
14427128 514114
14941242 1323332
16264574 386451
16651025 778822
17429847 953986
18383833 1085453
19469286 1126283
20595569 73209
20668778 1668881
22337659 1011957
23349616 65061
23414677 139814
23554491 997228
24551719 37603
24589322 396981
24986303 343963
25330266 533459
25863725 275588
26139313 2843506
28982819 262749
29245568 363443
29609011 565351
30174362 328452
30502814 763716
31266530 2162531
33429061 83968
33513029 1492744
35005773 1166380
36172153 1331047
37503200 168710
37671910 1152920
38824830 2675131
41499961 422435
41922396 1023833
42946229 1561752
44507981 502397
45010378 161513
45171891 465581
45637472 273557
45911029 232435
46143464 612880
46756344 181844
46938188 1204546
48142734 1202724
49345458 186374
49531832 68826
49600658 1186784
50787442 19718
50807160 1001910
51809070 3953443
55762513 1991858
57754371 653834
58408205 540437
58948642 462682
59411324 225204
59636528 187236
59823764 1144101
60967865 364512
61332377 2416044
63748421 2980331
66728752 230345
66959097 1339491
68298588 153828
68452416 226401
68678817 217286
68896103 1206269
70102372 2178058
72280430 145484
72425914 176204
72602118 629488
73231606 1857909
75089515 414710
75504225 1175882
76680107 112115
76792222 183623
76975845 750376
77726221 670687
78396908 577466
78974374 221150
79195524 10235
79205759 138277
79344036 113689
79457725 1302575
80760300 2400343
83160643 95018
83255661 1094527
84350188 361918
84712106 3013
84715119 150859
84865978 1173722
86039700 2081904
88121604 71011
88192615 108817
88301432 132651
88434083 117800
88551883 491887
89043770 386874
89430644 722982
90153626 181363
90334989 1828
90336817 61001
90397818 61524
90459342 1665418
92124760 341431
92466191 1227263
93693454 86132
93779586 1555520
95335106 1029148
96364254 47877
96412131 806583
97218714 229097
97447811 456937
97904748 194898
98099646 264266
98363912 202472
98566384 515911
99082295 552636
99634931 138311
99773242 322203
100095445 698565
100794010 38802
100832812 687282
101520094 1127285
102647379 176622
102824001 345348
103169349 2138428
105307777 11500
105319277 56804
105376081 225343
105601424 64577
105666001 66374
105732375 222509
105954884 309924
106264808 113117
106377925 138474
106516399 810665
107327064 1272328
108599392 274554
108873946 421930
109295876 1967986
111263862 268406
111532268 619858
112152126 258998
112411124 569883
112981007 1674286
114655293 417678
115072971 1144408
116217379 3325548
119542927 63243
119606170 1863511
121469681 70746
121540427 1197970
122738397 1661623
124400020 2343535
126743555 165733
126909288 802609
127711897 740432
128452329 228061
128680390 616229
129296619 166646
129463265 385018
129848283 320925
130169208 1421208
131590416 2478584
134069000 483948
134552948 272435
134825383 149718
134975101 1033851
136008952 484070
136493022 1591190
138084212 624930
138709142 578056
139287198 1823862
141111060 545296
141656356 301776
141958132 10849
141968981 432765
142401746 494936
142896682 241099
143137781 461821
143599602 890847
144490449 168836
144659285 2033587
146692872 2843836
149536708 950623
150487331 382533
150869864 1361007
152230871 1397476
153628347 338849
153967196 83872
154051068 51204
154102272 3032523
157134795 2213216
159348011 291514
159639525 144689
159784214 904934
160689148 549990
161239138 3005814
164244952 2555123
166800075 1121960
167922035 2157246
170079281 256419
170335700 1079352
171415052 2283329
173698381 1047983
174746364 1517287
176263651 2500182
178763833 31443
178795276 1116165
179911441 852859
180764300 1031592
181795892 4007342
185803234 354888
186158122 311576
186469698 441891
186911589 1201731
188113320 495916
188609236 970909
189580145 479309
190059454 760149
190819603 869576
191689179 3404866
195094045 3227485
198321530 2850414
201171944 912026
202083970 139257
202223227 1151780
203375007 212008
203587015 2892768
206479783 289554
206769337 192135
206961472 604270
207565742 198385
207764127 1432233
209196360 613805
209810165 227669
210037834 3348802
213386636 1878759
215265395 953474
216218869 54862
216273731 1214344
217488075 2760926
220249001 290074
220539075 12677
220551752 839662
221391414 91278
221482692 242112
221724804 90747
221815551 432427
222247978 658736
222906714 396350
223303064 1746035
225049099 752045
225801144 550635
226351779 247842
226599621 2157781
228757402 427329
229184731 39988
229224719 831136
230055855 915822
230971677 1280165
232251842 1892176
234144018 2247625
236391643 361154
236752797 2852686
239605483 666670
240272153 890178
241162331 1160461
242322792 853272
243176064 1695603
244871667 30294
244901961 1145541
246047502 963908
247011410 374190
247385600 1440187
248825787 1070475
249896262 395086
250291348 2550252
252841600 779477
253621077 1165034
254786111 1328040
256114151 390185
256504336 1384351
257888687 1728219
259616906 1016913
260633819 113519
260747338 256997
261004335 5019089
266023424 1304935
267328359 435801
267764160 1785514
269549674 214007
269763681 23827
269787508 1054117
270841625 162317
271003942 748515
271752457 67713
271820170 3906280
275726450 559049
276285499 2057090
278342589 561728
278904317 142555
279046872 297894
279344766 575687
279920453 67145
279987598 106533
280094131 320105
280414236 11911
280426147 995655
281421802 1285210
282707012 109406
282816418 1189914
284006332 1039180
285045512 438810
285484322 1096948
286581270 941455
287522725 11733
287534458 1668015
289202473 270897
289473370 57433
289530803 559534
290090337 1495738
291586075 1047882
292633957 2645497
295279454 38306
295317760 806731
296124491 971500
297095991 446538
297542529 451787
297994316 1028281
299022597 651682
299674279 1147974
300822253 291227
301113480 3251659
304365139 527386
304892525 2038486
306931011 35177
306966188 871240
307837428 879186
308716614 1759814
310476428 1141991
311618419 359932
311978351 357388
312335739 375481
312711220 1061686
313772906 1157299
314930205 619146
315549351 378544
315927895 30063
315957958 1410710
317368668 1158414
318527082 617810
319144892 836332
319981224 331638
320312862 925706
321238568 350266
321588834 109227
321698061 2175675
323873736 245504
324119240 242273
324361513 653308
325014821 361592
325376413 289991
325666404 2842141
328508545 2739863
331248408 294823
331543231 854366
332397597 59398
332456995 1031218
333488213 292541
333780754 199095
333979849 336485
334316334 28302
334344636 1036045
335380681 1287204
336667885 429900
337097785 1288299
338386084 198901
338584985 852916
339437901 3008662
342446563 322659
342769222 156906
342926128 845874
343772002 2661867
346433869 2761228
349195097 1057921
350253018 1724475
351977493 1115166
353092659 1423789
354516448 288224
354804672 740123
355544795 1725928
357270723 3111004
360381727 4520675
364902402 11053
364913455 305805
365219260 2305923
367525183 615891
368141074 2108313
370249387 1053460
371302847 3113858
374416705 2896414
377313119 1956882
379270001 1746189
381016190 859238
381875428 388825
382264253 3486553
385750806 577318
386328124 744648
387072772 1869469
388942241 3529480
392471721 1105524
393577245 648783
394226028 1976482
396202510 2715315
398917825 3937159
402854984 215877
403070861 2653800
405724661 1269240
406993901 3742621
410736522 1809602
412546124 1609878
414156002 606341
414762343 1100262
415862605 1354626
417217231 1271204
418488435 1835071
420323506 1110574
421434080 2329
421436409 1178139
422614548 387623
423002171 2313877
425316048 415200
425731248 2931056
428662304 2784807
431447111 46297
431493408 102151
431595559 1073568
432669127 327230
432996357 502469
433498826 1362587
434861413 423587
435285000 352946
435637946 2370458
438008404 1580576
439588980 366473
439955453 3145129
443100582 325380
443425962 1069091
444495053 158602
444653655 12940
444666595 201559
444868154 1435718
446303872 948873
447252745 785814
448038559 1741734
449780293 810025
450590318 271505
450861823 548576
451410399 993884
452404283 1116799
453521082 676706
454197788 215771
454413559 912836
455326395 1234615
456561010 313982
456874992 1712410
458587402 610354
459197756 95107
459292863 1489211
460782074 442640
461224714 1876895
463101609 597042
463698651 2091000
465789651 297593
466087244 1061695
467148939 283553
467432492 68251
467500743 606679
468107422 1923235
470030657 159383
470190040 754825
470944865 65810
471010675 1102606
472113281 883621
472996902 168518
473165420 124939
473290359 129187
473419546 1046752
474466298 257467
474723765 819586
475543351 536638
476079989 2762013
478842002 1703112
480545114 2403406
482948520 174375
483122895 577965
483700860 1327686
485028546 183636
485212182 1056394
486268576 134692
486403268 42086
486445354 377432
486822786 614211
487436997 706641
488143638 766011
488909649 1462292
490371941 3964413
494336354 2120692
496457046 3396312
499853358 2721235
502574593 3082965
505657558 18954
505676512 610008
506286520 59099
506345619 2317884
508663503 197448
508860951 3971652
512832603 227291
513059894 447365
513507259 3358240
516865499 461077
517326576 1060883
518387459 795676
519183135 972176
520155311 1493063
521648374 387872
522036246 1618078
523654324 347426
524001750 462804
524464554 159496
524624050 177416
524801466 378107
525179573 201847
525381420 287532
525668952 1856892
527525844 4023036
531548880 501562
532050442 425133
532475575 2508246
534983821 293614
535277435 785470
536062905 1080187
537143092 690204
537833296 401069
538234365 145527
538379892 356486
538736378 9331
538745709 1849194
540594903 656044
541250947 3012065
544263012 822132
545085144 357944
545443088 198430
545641518 1118456
546759974 1128333
547888307 324707
548213014 702277
548915291 815086
549730377 490775
550221152 473970
550695122 2681919
553377041 1854667
555231708 812199
556043907 102322
556146229 2828054
558974283 695823
559670106 717506
560387612 260319
560647931 90938
560738869 298124
561036993 309870
561346863 1608059
562954922 432222
563387144 42863
563430007 266429
563696436 4855501
568551937 2069899
570621836 245461
570867297 1553653
572420950 1017061
573438011 93511
573531522 1416212
574947734 214310
575162044 963440
576125484 308150
576433634 143892
576577526 967439
577544965 2645979
580190944 2445891
582636835 469950
583106785 626833
583733618 927225
584660843 364115
585024958 716526
585741484 1544113
587285597 34894
587320491 885327
588205818 2159462
590365280 1329908
591695188 617591
592312779 1308241
593621020 1033448
594654468 489189
595143657 593573
595737230 725753
596462983 1078150
597541133 65324
597606457 1229499
598835956 1166231
600002187 894788
600896975 148328
601045303 471282
601516585 526150
602042735 972676
603015411 91738
603107149 214147
603321296 728661
604049957 1468886
605518843 186398
605705241 179999
605885240 2200446
608085686 283827
608369513 862660
609232173 790887
610023060 485614
610508674 26411
610535085 526521
611061606 3411533
614473139 399064
614872203 2748476
617620679 3582273
621202952 730105
621933057 369591
622302648 2696445
624999093 363781
625362874 55731
625418605 325076
625743681 86027
625829708 476082
626305790 5926631
632232421 2240161
634472582 309526
634782108 485765
635267873 609283
635877156 494211
636371367 1580736
637952103 1131879
639083982 321446
639405428 1370839
640776267 534166
641310433 839367
642149800 41923
642191723 503789
642695512 1062013
643757525 878952
644636477 1712194
646348671 1014945
647363616 1851086
649214702 3036317
652251019 51773
652302792 496682
652799474 2029893
654829367 603126
655432493 1083157
656515650 432338
656947988 138482
657086470 216702
657303172 1905934
659209106 370410
659579516 1468848
661048364 794802
661843166 1589156
663432322 4680511
668112833 1686320
669799153 208899
670008052 213204
670221256 1049304
671270560 2555993
673826553 211192
674037745 1890998
675928743 1543186
677471929 2632196
680104125 110574
680214699 426752
680641451 244808
680886259 176001
681062260 3124832
684187092 688286
684875378 977082
685852460 1226604
687079064 1759030
688838094 353442
689191536 4138937
693330473 91149
693421622 729936
694151558 1007699
695159257 1585561
696744818 68345
696813163 831093
697644256 2939051
700583307 453876
701037183 1286560
702323743 175827
702499570 1259655
703759225 1788280
705547505 1069495
706617000 463596
707080596 486964
707567560 739382
708306942 1254221
709561163 1813803
711374966 1770991
713145957 1756531
714902488 636600
715539088 1518007
717057095 483038
717540133 423261
717963394 20700
717984094 162513
718146607 53119
718199726 42197
718241923 544060
718785983 1250950
720036933 1757071
721794004 2552997
724347001 441214
724788215 3791831
728580046 1330432
729910478 1292654
731203132 2064978
733268110 421371
733689481 1990805
735680286 730171
736410457 1438129
737848586 1375105
739223691 1683595
740907286 4587342
745494628 504405
745999033 778536
746777569 2058833
748836402 2121178
750957580 274908
751232488 1382682
752615170 797880
753413050 2418863
755831913 435616
756267529 640368
756907897 284827
757192724 1375953
758568677 128310
758696987 1311753
760008740 759935
760768675 293584
761062259 239284
761301543 844405
762145948 368433
762514381 835941
763350322 935466
764285788 1621318
765907106 956323
766863429 1194557
768057986 1635891
769693877 90918
769784795 76771
769861566 2539823
772401389 1740181
774141570 125818
774267388 16140
774283528 1979536
776263064 175068
776438132 1342751
777780883 2043185
779824068 296083
780120151 146192
780266343 902194
781168537 76956
781245493 2617722
783863215 240694
784103909 2338133
786442042 305857
786747899 947987
787695886 1482331
789178217 800021
789978238 248973
790227211 3067260
793294471 1143956
794438427 2600566
797038993 330878
797369871 923934
798293805 2723633
801017438 950165
801967603 2127832
804095435 1524506
805619941 76804
805696745 183900
805880645 1453180
807333825 8179
807342004 870732
808212736 247743
808460479 1739867
810200346 3090423
813290769 731292
814022061 49390
814071451 531067
814602518 1937027
816539545 584682
817124227 1816595
818940822 193841
819134663 675719
819810382 1527833
821338215 1171882
822510097 1921611
824431708 331213
824762921 126560
824889481 1197484
826086965 178919
826265884 1049536
827315420 1386486
828701906 3855
828705761 194983
828900744 1466014
830366758 185727
830552485 1069841
831622326 1841352
833463678 2956897
836420575 524263
836944838 152238
837097076 1046480
838143556 1116188
839259744 2096219
841355963 679316
842035279 540241
842575520 258838
842834358 945681
843780039 69758
843849797 488479
844338276 612843
844951119 644163
845595282 2092025
847687307 1977790
849665097 729012
850394109 482692
850876801 1584532
852461333 1166588
853627921 776845
854404766 692055
855096821 524329
855621150 819261
856440411 458898
856899309 4962
856904271 1406228
858310499 1955731
860266230 2200761
862466991 353484
862820475 2840244
865660719 1513765
867174484 814445
867988929 2438458
870427387 724770
871152157 2998775
874150932 2043984
876194916 897716
877092632 2028020
879120652 311491
879432143 1684313
881116456 216319
881332775 3129759
884462534 212160
884674694 551296
885225990 326197
885552187 1499872
887052059 317418
887369477 1464263
888833740 1328357
890162097 682556
890844653 1026785
891871438 1240799
893112237 1682777
894795014 719201
895514215 1021386
896535601 1133492
897669093 1446051
899115144 653623
899768767 968464
900737231 180526
900917757 52044
900969801 1306531
902276332 1188890
903465222 791331
904256553 110308
904366861 854653
905221514 51209
905272723 1375619
906648342 927341
907575683 472614
908048297 1773062
909821359 185913
910007272 823732
910831004 1134840
911965844 1085666
913051510 593676
913645186 564523
914209709 2789705
916999414 1059781
918059195 1008996
919068191 458633
919526824 816222
920343046 2348059
922691105 1990831
924681936 2015055
926696991 494570
927191561 669348
927860909 3125437
930986346 579917
931566263 2797684
934363947 842471
935206418 814191
936020609 2832134
938852743 230132
939082875 577061
939659936 2658047
942317983 366401
942684384 297534
942981918 4267461
947249379 1155684
948405063 349173
948754236 80484
948834720 181825
949016545 974043
949990588 1544293
951534881 270910
951805791 784466
952590257 700206
953290463 2774024
956064487 1521137
957585624 448542
958034166 2150701
960184867 2477328
962662195 253629
962915824 1813285
964729109 237004
964966113 137974
965104087 2119174
967223261 872949
968096210 1200483
969296693 450956
969747649 3091086
972838735 1337428
974176163 447439
974623602 2663888
977287490 1157638
978445128 387078
978832206 754515
979586721 252329
979839050 513893
980352943 298390
980651333 640303
981291636 999974
982291610 909862
983201472 466080
983667552 291945
983959497 4009431
987968928 372326
988341254 789633
989130887 698419
989829306 340803
990170109 631257
990801366 1050515
991851881 3337112
995188993 120604
995309597 364050
995673647 1366526
997040173 1008496
998048669 994590
999043259 247729
999290988 31378
999322366 409946
