1041
1 1
2 1
2 2
4 3
4 4
8 4
8 7
8 8
16 8
16 15
16 16
32 31
32 32
64 63
64 64
128 64
128 127
128 128
256 255
256 256
512 256
512 511
512 512
1024 768
1024 1023
1024 1024
2048 1024
2048 1792
3840 192
2048 2047
2048 2048
4096 3072
4096 3840
4096 4095
4096 4096
8192 8191
8192 8192
16384 8192
24576 4096
28672 4032
16384 16383
16384 16384
32768 24576
32768 32767
32768 32768
57344 57344
65536 57344
65536 65535
65536 65536
131072 1
131073 65535
131072 122880
131072 131071
131072 131072
262144 253952
262144 262143
262144 262144
524288 262143
786431 131073
917504 65536
524288 516096
1040384 7168
1040384 7936
524288 524287
524288 524288
1048576 1
1048576 1040384
1048576 1048575
1048576 1048576
2097152 1048577
3145729 524287
3670016 262144
2088960 2088960
2097152 2088960
2097152 2097151
2097152 2097152
4194304 1
4194304 3145729
7340033 786431
8126464 131072
4194304 4186112
4194304 4194303
4194304 4194304
8388608 8257536
8388608 8388608
16777216 8388607
25165823 4194305
16777216 16777216
33554432 25165823
58720255 7340033
33554432 33554432
67108864 58720255
125829119 8380416
134209535 4096
134213631 2048
134215679 1024
134216703 512
134217215 256
134217471 128
134217599 64
134217663 32
134217695 24
134217719 8
134217727 66060288
200278015 524288
200802303 524288
200278015 33554432
233832447 1048320
234880767 128
234880895 64
234880959 32
234880991 16
234881007 8
234881015 4
234881019 2
234881021 1
234881022 1
233832447 16777216
250609663 524288
251133951 524288
250609663 8388608
258998271 1048576
260046847 4186112
264232959 4096
264237055 2048
264239103 1024
264240127 512
264240639 256
264240895 128
264241023 64
264241087 32
264241119 16
264241135 8
264241143 4
264241147 2
264241149 1
264241150 1
264241151 1048576
265289727 1048576
266338303 1048576
267386879 524288
267911167 262144
268173311 122880
268296191 4096
268300287 2048
268302335 1024
268303359 512
268303871 256
268304127 128
268304255 64
268304319 32
268304351 16
268304367 8
268304375 4
268304379 2
268304381 1
268304382 1
268304383 65536
268369919 28672
268398591 2048
268400639 1024
268401663 1024
268402687 16384
268419071 8192
268427263 4096
268431359 2048
268433407 1024
268434431 512
268434943 256
268435199 128
268435327 64
268435391 32
268435423 16
268435439 8
268435447 4
268435451 2
268435453 1
268435454 1
251658239 67108864
318767103 16777216
335544319 29360128
364904447 3670016
368574463 516096
369090559 4096
369094655 2048
369096703 2048
369098751 16777216
385875967 8126464
394002431 262144
394264575 4177920
398442495 16384
398458879 1048576
399507455 1048576
400556031 917504
401473535 131072
401604607 262144
401866751 262144
402128895 262144
402391039 122880
402513919 4096
402518015 2048
402520063 1024
402521087 512
402521599 256
402521855 128
402521983 64
402522047 32
402522079 16
402522095 8
402522103 4
402522107 2
402522109 1
402522110 1
402522111 65536
402587647 32768
402620415 16384
402636799 8192
402644991 4096
402649087 2048
402651135 1024
402652159 512
402652671 256
402652927 128
402653055 64
402653119 32
402653151 16
402653167 8
402653175 4
402653179 2
402653181 1
402653182 1
402651135 33554432
436205567 1024
436206591 512
436207103 256
436207359 128
436207487 64
436207551 32
436207583 16
436207599 8
436207607 4
436207611 2
436207613 1
436207614 1
436207615 16646144
436207359 16777216
452984575 128
452984703 64
452984767 32
452984799 16
452984815 8
452984823 4
452984827 2
452984829 1
452984830 1
452984831 8257536
461242367 65536
461307903 65536
461373439 3932160
465305599 262144
465567743 2097152
402636799 66060288
468697087 8192
468705279 4096
468709375 2048
468711423 1024
468712447 512
468712959 256
468713215 128
468713343 64
468713407 32
468713439 16
468713455 8
468713463 4
468713467 2
468713469 1
468713470 1
468713471 524288
469237759 262144
469499903 131072
469630975 65536
469696511 32768
469729279 16384
468711423 1040384
469751807 1024
469752831 512
469753343 256
469753599 128
469753727 64
469753791 32
469753823 16
469753839 8
469753847 4
469753851 2
469753853 1
469753854 1
469753855 4096
469757951 2048
469759999 1024
469761023 512
469761535 256
469761791 128
469761919 64
469761983 32
469762015 16
469762031 8
469762039 4
469762043 2
469762045 1
469762046 1
469762047 16777216
486539263 4194304
490733567 4194304
494927871 4194304
499122175 1048576
500170751 524288
500695039 524288
501219327 524288
501743615 524288
502267903 524288
502792191 262144
503054335 114688
503169023 8192
503177215 4096
503181311 2048
503183359 1024
503184383 512
503184895 256
503185151 128
503185279 64
503185343 32
503185375 16
503185391 8
503185399 4
503185403 2
503185405 1
503185406 1
503185407 65536
503250943 32704
503283647 32
503283679 16
503283695 8
503283703 4
503283707 2
503283709 1
503283710 1
503283711 8192
503291903 4096
503295999 2048
503298047 1024
503299071 512
503299583 256
503299839 128
503299967 64
503300031 32
503300063 16
503300079 8
503300087 4
503300091 2
503300093 1
503300094 1
503300095 4096
503299071 8192
503307263 512
503307775 256
503308031 128
503308159 64
503308223 32
503308255 16
503308271 8
503308279 4
503308283 2
503308285 1
503308286 1
503308287 2048
503310335 1024
503311359 512
503311871 256
503312127 256
503312383 2048
503314431 1024
503315455 512
503315967 256
503316223 128
503316351 64
503316415 32
503316447 16
503316463 8
503316471 4
503316475 2
503316477 1
503316478 1
503291903 8380416
511672319 16384
511688703 8192
511696895 4096
511700991 2048
511703039 1024
511704063 512
511704575 256
511704831 128
511704959 64
511705023 32
511705055 16
511705071 8
511705079 4
511705083 2
511705085 1
511705086 1
511705087 4194304
515899391 2097152
517996543 1047552
519044095 1024
519045119 516096
519561215 8192
519569407 196608
519766015 65536
519831551 131072
519962623 65536
520028159 32768
520060927 16384
520077311 8192
520085503 4096
520089599 2048
520091647 1023
520092670 1
520092671 256
520092927 128
520093055 64
520093119 32
520093151 16
520093167 12
520093179 2
520093181 1
520093182 1
520093183 128
520093311 64
520093375 32
520093407 16
520093423 8
520093431 4
520093435 2
520093437 1
520093438 1
520093439 64
520093503 32
520093535 16
520093551 8
520093559 4
520093563 2
520093565 1
520093566 1
520093567 32
520093599 16
520093615 8
520093623 4
520093627 2
520093629 1
520093630 1
520093631 16
520093647 8
520093655 4
520093659 2
520093661 1
520093662 1
520093663 8
520093671 4
520093675 2
520093677 1
520093678 1
520093679 4
520093683 2
520093685 1
520093686 1
520093687 2
520093689 1
520093690 1
520093691 1
520093692 1
520093693 1
520093694 1
520028159 4194304
524222463 65536
524287999 1048576
525336575 1048576
526385151 1048576
527433727 262144
527695871 131072
527826943 131072
527958015 196608
528154623 65536
528220159 131072
528351231 65536
528416767 32768
528449535 16384
528465919 8192
528474111 4096
528478207 2048
528480255 1024
528481279 512
528481791 256
528482047 128
528482175 64
528482239 32
528482271 16
528482287 8
528482295 4
528482299 2
528482301 1
528482302 1
528449535 2097152
530546687 16384
530563071 16384
530579455 983040
531562495 32768
531595263 16384
531611647 8192
531619839 4096
531623935 3072
531627007 512
531627519 256
531627775 128
531627903 64
531627967 32
531627999 16
531628015 8
531628023 4
531628027 2
531628029 1
531628030 1
531628031 524288
532152319 262144
532414463 131072
532545535 65536
532611071 32768
532643839 16384
532660223 8192
532668415 4096
532672511 2048
532674559 1024
532675583 512
532676095 256
532676351 128
532676479 64
532676543 32
532676575 16
532676591 8
532676599 4
532676603 2
532676605 1
532676606 1
532676607 1048576
530546687 3670016
534216703 16384
534233087 8192
534241279 4096
534245375 2048
534247423 1024
534248447 512
534248959 256
534249215 128
534249343 64
534249407 32
534249439 16
534249455 8
534249463 4
534249467 2
534249469 1
534249470 1
534249471 131072
534380543 65536
534446079 32768
534478847 16384
534495231 16384
534511615 131072
534642687 32768
534675455 32768
534708223 32768
534740991 16384
534757375 8192
534765567 4096
534769663 2048
534771711 1024
534772735 512
534773247 256
534773503 128
534773631 64
534773695 32
534773727 16
534773743 8
534773751 4
534773755 2
534773757 1
534773758 1
534773759 524288
535298047 262144
535560191 131072
534769663 983040
535752703 2048
535754751 1024
535755775 512
535756287 256
535756543 128
535756671 64
535756735 32
535756767 16
535756783 8
535756791 4
535756795 2
535756797 1
535756798 1
535756799 16384
535773183 8192
535781375 4096
535785471 2048
535787519 2048
535789567 16384
535805951 8192
535814143 4095
535818238 1
535818239 1024
535819263 512
535819775 256
535820031 128
535820159 64
535820223 32
535820255 16
535820271 8
535820279 4
535820283 2
535820285 1
535820286 1
535820287 512
535820799 256
535821055 128
535821183 64
535821247 32
535821279 16
535821295 8
535821303 4
535821307 2
535821309 1
535821310 1
535821311 256
535821567 192
535821759 32
535821791 16
535821807 8
535821815 4
535821819 2
535821821 1
535821822 1
535821823 128
535821951 64
535822015 32
535822047 16
535822063 8
535822071 4
535822075 2
535822077 1
535822078 1
535822079 64
535822143 32
535822175 16
535822191 8
535822199 4
535822203 2
535822205 1
535822206 1
535822207 32
535822239 16
535822255 8
535822263 4
535822267 2
535822269 1
535822270 1
535822271 16
535822287 8
535822295 4
535822299 2
535822301 1
535822302 1
535822303 8
535822311 4
535822315 2
535822317 1
535822318 1
535822319 4
535822323 2
535822325 1
535822326 1
535822327 2
535822329 1
535822330 1
535822331 1
535822332 1
535822333 1
535822334 1
535822335 262144
536084479 131072
536215551 65536
536281087 32768
536313855 16384
536330239 8192
536338431 4096
536342527 2048
536344575 1024
536345599 512
536346111 256
536346367 128
536346495 64
536346559 32
536346591 16
536346607 8
536346615 4
536346619 2
536346621 1
536346622 1
536346623 131072
536477695 65536
536543231 32768
536575999 8192
536584191 4096
536588287 2048
536590335 1024
536591359 512
536591871 256
536592127 128
536592255 64
536592319 32
536592351 16
536592367 8
536592375 4
536592379 2
536592381 1
536592382 1
536592383 4096
536596479 2048
536598527 1024
536599551 512
536600063 256
536600319 128
536600447 64
536600511 32
536600543 16
536600559 8
536600567 4
536600571 2
536600573 1
536600574 1
536600575 2048
536602623 1024
536603647 512
536604159 256
536604415 128
536604543 64
536604607 32
536604639 16
536604655 8
536604663 4
536604667 2
536604669 1
536604670 1
536604671 1024
536605695 512
536606207 256
536606463 128
536606591 64
536606655 32
536606687 16
536606703 8
536606711 4
536606715 2
536606717 1
536606718 1
536606719 512
536607231 256
536607487 128
536607615 64
536607679 32
536607711 16
536607727 8
536607735 4
536607739 2
536607741 1
536607742 1
536607743 256
536607999 128
536608127 64
536608191 32
536608223 16
536608239 8
536608247 4
536608251 2
536608253 1
536608254 1
536608255 128
536608383 64
536608447 64
536608511 128
536608639 64
536608703 32
536608735 16
536608751 8
536608759 4
536608763 2
536608765 1
536608766 1
536608767 65536
536674303 32768
536707071 16384
536608735 122880
536731615 16
536731631 8
536731639 4
536731643 2
536731645 1
536731646 1
536731647 2048
536733695 1024
536734719 512
536735231 256
536735487 128
536735615 64
536735679 32
536735711 16
536735727 8
536735735 4
536735739 2
536735741 1
536735742 1
536735743 1024
536736767 512
536737279 256
536737535 128
536737663 64
536737727 32
536737759 16
536737775 8
536737783 4
536737787 2
536737789 1
536737790 1
536737791 512
536738303 512
536738815 512
536739327 256
536739583 128
536739711 64
536739775 32
536739807 16
536739823 8
536739831 4
536739835 2
536739837 1
536739838 1
536739839 32768
536772607 16384
536788991 8192
536797183 4096
536801279 2048
536803327 1024
536804351 512
536804863 256
536805119 128
536805247 64
536805311 32
536805343 16
536805359 8
536805367 4
536805371 2
536805373 1
536805374 1
536805375 16384
536821759 8192
536829951 4096
536834047 2048
536804351 32704
536837055 32
536837087 16
536837103 8
268435454 268401663
536837117 1
536837118 1
536837119 512
536837631 256
536837887 128
536838015 64
536838079 32
536838111 16
536838127 8
536838135 4
536838139 2
536838141 1
536838142 1
536838143 8192
536846335 3072
536849407 512
536849919 512
536850431 2048
536852479 1024
536853503 512
536854015 256
536854271 128
536854399 64
536854463 32
536854495 16
536854511 8
536854519 4
536854523 2
536854525 1
536854526 1
536854527 3072
536857599 512
536858111 256
536858367 256
536858623 2048
536860671 1024
536861695 512
536862207 256
536862463 128
536862591 64
536862655 32
536862687 16
536862703 8
536862711 4
536862715 2
536862717 1
536862718 1
536862719 2048
536864767 768
536865535 128
536865663 64
536865727 32
536865759 16
536865775 8
536865783 4
536865787 2
536865789 1
536865790 1
536865791 256
536866047 128
536866175 64
536866239 64
536866303 256
536866559 128
536866687 64
536866751 32
536866783 16
536866799 8
536866807 4
536866811 2
536866813 1
536866814 1
536866687 1024
536867711 64
536867775 32
536867807 16
536867823 8
536867831 4
536867835 2
536867837 1
536867838 1
536867839 512
536868351 256
536868607 128
536868735 64
536868799 32
536868831 16
536868847 8
536868855 4
536868859 2
536868861 1
536868862 1
536868863 512
536869375 256
536869631 128
536869759 64
536869823 32
536869855 16
536869871 8
536869879 4
536869883 2
536869885 1
536869886 1
536869887 256
536870143 128
536870271 64
536870335 32
536870367 16
536870383 8
536870391 4
536870395 2
536870397 1
536870398 1
536870399 128
536870527 64
536870591 32
536870623 16
536870639 8
536870647 4
536870651 2
536870653 1
536870654 1
536870655 64
536870719 32
536870751 16
536870767 8
536870775 4
536870779 2
536870781 1
536870782 1
536870783 32
536870815 16
536870831 8
536870839 4
536870843 2
536870845 1
536870846 1
536870847 16
536870863 8
536870871 4
536870875 2
536870877 1
536870878 1
536870879 8
536870887 4
536870891 2
536870893 1
536870894 1
536870895 4
536870899 2
536870901 1
536870902 1
536870903 2
536870905 1
536870906 1
536870907 1
536870908 1
536870909 1
536870910 1
