516
1 1
2 1
2 2
4 1
5 1
5 2
4 4
8 1
8 3
11 1
8 8
16 1
16 4
16 5
16 8
24 8
32 1
21 16
37 4
41 8
37 16
53 2
53 53
106 17
123 17
140 2
140 5
145 8
142 17
159 32
191 2
193 2
195 7
202 20
222 5
227 8
145 140
235 53
288 3
291 1
292 11
291 24
315 7
322 4
326 2
328 5
328 55
383 33
291 159
450 16
466 1
467 5
328 153
481 4
467 24
491 32
523 4
315 222
523 32
527 53
580 5
580 20
600 49
383 288
671 41
580 191
771 7
778 20
771 37
778 55
833 3
585 315
900 12
912 20
912 33
671 303
808 195
1003 5
912 106
1018 2
1020 3
1023 37
1060 41
912 195
1107 8
1115 4
1101 49
1150 3
1153 20
1173 12
1119 145
836 450
900 416
1316 6
1322 1
1323 6
1329 8
1101 315
1416 9
1425 1
1425 53
1478 33
1511 9
1316 222
1538 5
1543 5
1548 8
1538 49
1587 37
1329 326
1655 4
1624 49
1673 21
1694 7
1701 17
1718 6
1724 2
1726 37
1726 106
1832 1
1833 7
1840 2
1832 37
1869 12
1869 55
1924 2
1926 2
1926 16
1763 235
1998 1
1520 523
2043 1
2044 8
1942 140
1840 285
1869 285
2154 7
2161 7
2168 2
2170 20
2168 41
1726 537
2263 7
2270 17
2287 5
2161 145
2292 24
2306 49
2209 159
1999 383
2382 4
2386 5
2125 288
2413 8
2421 2
2423 16
2439 16
2455 11
2466 17
2455 55
2044 481
2525 4
2529 20
2549 1
2550 41
2591 2
2593 7
2600 9
2591 32
2623 2
2625 9
2634 12
2646 2
2646 12
2658 4
2662 6
2662 33
2695 7
2702 2
2704 21
2725 32
2757 1
2757 41
2798 2
2758 55
2668 191
2695 193
2888 41
2929 20
2800 195
2888 142
3030 1
3031 4
2859 202
3061 3
3061 32
3093 9
2702 450
2995 191
3186 9
3195 1
3196 3
3102 159
3261 20
3281 9
3290 7
3261 140
3290 140
3430 4
3434 24
3434 53
2648 900
3548 9
3186 416
3602 20
3622 3
3625 21
3646 9
2634 1060
3622 106
3728 9
3737 16
3753 4
3646 142
3788 17
3805 6
3811 33
3844 7
3757 145
3646 285
3195 771
3966 11
3977 8
3985 1
3986 32
4018 3
3728 303
4021 20
4031 53
3811 288
4021 123
3753 416
3986 193
4179 2
4181 1
3986 235
4221 49
4270 2
4272 37
4309 1
4310 3
4310 33
4343 7
4350 5
4350 20
4370 2
4372 17
4389 4
4393 21
4179 285
4272 202
4464 20
4484 4
4270 326
4596 8
4484 142
4313 326
4639 9
4648 16
4664 3
4667 11
4667 21
4179 555
4734 11
4745 12
4734 33
4767 4
4757 41
4798 4
4355 472
4827 6
4833 53
4886 7
4464 481
4945 1
4946 16
4962 4
4798 191
4767 235
5002 4
4989 32
5021 9
3902 1173
4771 326
5097 12
5109 32
4734 466
5200 49
5249 6
5249 32
4827 523
5281 142
4945 491
5436 11
5436 21
5447 37
4886 649
5535 2
5535 12
5281 292
5573 1
5574 53
5627 2
5200 467
5667 32
5699 6
5705 16
5721 3
5249 485
5705 55
5627 159
5629 195
5824 5
5824 20
5734 140
5874 16
5890 106
5705 333
5097 1008
5627 491
6118 21
6105 49
6154 37
6191 11
6191 33
5097 1173
6270 9
6279 3
6139 153
6292 7
6299 3
6302 6
6302 32
5874 485
6359 3
6362 49
6411 2
6413 5
6418 4
6422 1
6423 16
6422 55
6477 6
6483 17
6500 12
6512 7
6500 41
6541 8
6423 153
6576 41
6617 1
6359 328
6576 153
6618 159
6687 140
6827 41
6868 1
6868 32
6900 2
6900 24
6924 17
6941 3
6941 21
6512 523
6944 142
7086 2
7088 41
6962 195
7157 7
7157 32
7189 3
7189 33
6962 291
7253 32
7189 159
7348 2
7350 21
7371 5
7371 20
7088 322
7410 11
7421 11
7432 5
7437 4
7441 5
7446 2
7448 3
7446 41
5423 2082
7505 1
7506 12
7518 11
7487 106
7593 2
7595 21
7616 8
7624 3
7627 17
7624 49
7518 193
7518 235
7753 3
7756 17
7616 191
7376 485
7861 21
6869 1023
7892 8
7711 227
7938 20
7958 24
7958 49
8007 2
8007 12
8019 3
8019 41
7421 649
8070 17
7892 222
8114 2
8116 11
8022 123
8145 32
7807 383
8060 193
8253 7
8260 21
8281 5
8286 11
8297 16
8313 8
7711 649
8145 288
7446 1018
8464 3
8467 9
8476 4
8480 12
8467 53
8253 285
8297 291
8464 153
8321 315
8492 159
8651 41
8692 11
8692 24
8716 7
8692 53
8745 11
8756 6
8321 466
8716 159
8875 21
8756 153
8286 649
8935 7
8538 472
9010 1
8022 1018
9040 32
9011 145
9156 5
9161 7
9168 1
9169 1
9170 17
9011 202
8942 322
9169 145
9314 20
9334 24
9358 16
9358 145
9503 7
9510 2
9512 2
9503 55
9558 7
9565 11
9576 1
9577 12
9576 53
9512 145
9657 1
9657 11
9658 53
9711 7
9514 227
9741 17
9011 778
9789 1
9790 6
9512 303
9815 17
8716 1150
9866 3
9741 153
9894 1
9894 11
9905 7
9790 140
9930 24
9954 7
9961 11
9972 4
