2118
1 1
2 1
3 1
4 2
6 1
7 1
8 1
9 1
10 1
11 4
15 3
18 2
20 2
22 1
23 1
24 1
25 2
27 1
28 8
36 1
37 1
38 1
39 1
40 1
41 2
43 1
44 2
46 1
47 1
47 6
53 2
55 1
56 2
58 1
59 1
60 1
60 2
59 6
65 1
65 3
65 4
69 1
70 1
71 1
72 1
73 2
75 1
76 1
77 1
78 1
79 4
83 1
84 1
85 1
86 1
87 3
86 6
92 2
94 2
96 1
97 2
99 3
102 1
103 1
104 2
106 1
107 3
110 3
113 2
115 2
117 1
118 2
120 1
121 2
123 2
125 2
127 1
128 2
130 2
132 3
135 1
136 1
137 1
138 1
139 4
143 4
147 1
147 6
153 2
155 1
155 3
158 3
161 2
163 1
164 2
166 1
166 2
168 1
168 4
172 2
174 1
175 2
177 1
178 2
180 1
181 2
183 2
185 2
187 1
188 1
189 1
190 1
191 1
192 3
195 3
198 1
199 3
202 3
205 1
205 4
209 1
210 3
213 1
214 3
217 3
220 1
221 1
222 1
223 1
224 1
225 1
225 6
231 1
232 1
233 3
236 2
238 1
239 1
240 2
242 1
242 3
245 1
246 4
250 1
250 2
252 1
253 1
254 4
258 1
259 7
266 2
268 1
269 3
272 2
272 3
275 1
276 2
278 1
279 1
280 3
280 4
284 3
287 1
288 3
291 3
294 1
295 6
301 1
302 1
303 2
305 1
306 1
307 1
308 1
309 6
315 1
316 1
317 1
317 6
323 1
323 2
325 2
327 1
328 1
329 1
330 1
331 1
331 3
334 1
335 2
335 7
342 1
343 2
343 3
346 2
348 1
349 2
351 1
352 1
352 2
354 2
356 1
357 1
358 1
359 2
361 1
362 2
364 2
366 1
367 2
369 2
371 1
371 3
374 3
377 1
378 1
379 2
381 1
382 1
382 4
386 2
388 2
390 2
390 3
393 3
396 6
402 4
406 1
407 1
408 2
410 2
412 1
413 2
415 1
415 2
415 4
419 2
419 6
425 1
426 1
426 3
429 3
432 1
433 3
432 6
438 1
439 1
440 1
441 2
443 1
444 1
445 1
446 3
449 1
449 2
451 2
453 1
453 3
456 1
457 1
458 1
459 2
461 1
462 2
464 1
465 3
468 1
469 1
470 4
474 1
475 2
477 3
480 2
482 1
483 2
485 4
489 2
491 1
492 2
494 1
495 4
499 1
500 1
501 1
502 1
503 1
504 1
505 1
506 1
507 4
511 1
512 3
515 1
516 1
517 1
518 1
519 1
520 1
521 1
522 1
523 1
523 3
526 2
528 1
529 1
530 1
531 2
533 2
535 2
537 6
543 1
544 4
548 1
549 1
550 1
551 1
552 4
556 2
558 1
559 2
561 1
562 2
564 1
565 1
566 2
568 1
569 3
568 6
574 1
575 2
577 1
578 1
579 4
583 1
584 1
585 1
586 2
588 1
589 3
592 1
593 3
596 4
593 10
603 1
604 1
605 4
609 1
610 1
609 4
613 2
615 2
617 3
620 2
622 2
624 1
625 1
625 6
631 4
635 1
636 1
637 4
637 6
643 2
645 3
648 1
649 2
651 1
651 3
654 2
656 2
658 1
659 2
659 4
663 2
665 2
667 2
667 3
670 1
671 2
671 3
674 4
678 1
679 2
679 3
682 1
683 1
684 2
684 3
687 3
690 1
691 1
692 2
694 2
696 1
697 2
699 1
700 1
701 2
703 1
704 1
705 1
706 1
707 1
708 2
710 2
712 2
714 1
715 1
716 1
717 4
721 1
722 1
723 1
724 3
727 2
727 3
730 6
736 3
739 2
741 1
742 1
743 1
744 3
747 1
748 1
748 11
759 2
761 3
764 1
765 2
767 1
768 1
769 1
770 3
770 8
778 3
778 4
782 1
783 2
785 1
786 2
788 1
789 1
790 4
794 2
796 4
800 1
801 2
803 1
804 1
805 2
807 3
807 4
811 2
813 2
815 1
816 1
817 1
818 2
820 2
822 2
824 3
827 2
829 1
829 2
831 2
833 3
836 1
837 1
838 2
840 3
843 1
844 3
847 1
848 4
852 3
855 1
856 1
857 1
858 1
859 1
860 1
861 2
863 2
865 3
868 2
870 1
871 1
872 2
872 3
875 7
882 1
883 1
884 3
887 1
888 4
892 3
895 1
896 2
898 1
899 2
901 1
902 6
908 2
902 11
913 1
913 3
916 2
918 2
920 1
921 3
924 1
925 1
926 1
927 2
929 2
931 1
932 1
933 4
937 1
938 3
941 1
941 6
947 1
947 3
950 3
953 1
954 2
956 2
958 2
960 1
961 1
962 2
964 1
965 1
966 1
967 3
970 1
971 4
975 1
976 1
977 3
980 1
980 3
983 1
984 1
985 2
987 2
989 1
990 1
990 3
993 1
994 1
995 2
997 3
994 22
1016 2
1018 7
995 37
1032 25
1032 37
1069 28
1097 27
995 135
1069 94
994 231
1032 224
1256 3
1259 24
1283 3
1259 60
1319 10
1016 335
1351 8
1319 53
1359 27
1372 40
1351 65
1351 90
1441 36
1441 77
1016 506
1522 15
1537 7
1225 327
1552 83
1635 11
1635 22
1657 73
1657 87
1744 20
1744 60
1552 254
1657 213
1657 303
997 997
1994 25
2019 1
1994 38
1994 76
2019 104
2123 2
2125 3
1994 135
2129 39
2168 2
2020 166
2186 1
2187 23
1994 259
2253 25
2278 8
2286 7
1994 308
2129 180
1994 324
2318 20
2338 3
2341 10
2351 15
1994 388
2382 7
2389 1
2382 58
2318 164
2382 103
2485 6
2382 117
2499 15
2318 210
2528 7
2499 62
1994 585
2579 8
2579 28
2607 70
2579 102
1994 705
2681 23
2579 153
2699 39
2738 11
2699 56
2755 77
2699 138
2837 4
2837 36
2841 37
2873 18
2878 23
2891 36
2901 59
2841 137
2837 177
3014 7
2699 331
2699 352
3051 8
3021 43
3059 20
2837 309
3051 156
3146 92
3238 8
3246 9
3238 62
3246 62
3308 18
3238 99
3337 28
3337 53
3326 127
3238 258
3146 354
3500 68
3496 102
3598 9
3500 110
2699 933
3632 40
3632 153
3496 301
3238 656
3797 177
3797 190
1994 1994
3988 9
3632 388
3988 47
4035 28
4035 47
4082 39
4035 132
4167 58
3988 253
4241 99
4035 328
4241 147
4241 163
4404 1
4405 43
4405 174
4241 356
4597 10
4597 41
4597 59
4638 47
4638 48
4686 20
4241 526
4597 175
4772 11
4241 651
4892 27
4919 38
4656 327
4919 84
5003 8
4772 242
4241 781
4241 848
5014 168
5022 232
5254 61
5089 231
5320 22
5320 71
5089 330
5391 40
5089 381
5089 390
5479 47
5479 66
5479 76
4772 788
5560 55
5479 174
5560 117
5677 167
5844 65
5909 1
5910 68
5978 4
5677 323
5677 386
5089 1032
6000 147
6121 39
5479 691
6160 90
6170 96
6266 25
6170 147
6317 66
6266 192
6317 210
5089 1552
6527 156
3988 2699
6641 188
6687 156
6829 38
6867 76
6687 284
6687 316
7003 11
6687 372
7059 143
7003 213
7216 79
6687 620
7059 251
7310 87
7397 20
7397 87
7310 206
7516 18
7059 537
7516 250
7596 202
7596 278
7766 121
7516 372
7310 610
7920 41
7920 47
3988 3988
7976 48
7967 217
8024 185
8209 1
8209 15
8224 22
8024 353
7976 421
8224 187
7967 461
8411 59
8209 268
8470 39
8024 489
8397 291
8513 294
8688 180
8513 412
8868 275
8513 714
9143 325
8807 691
8868 790
9468 254
8397 1351
9748 107
9855 85
9855 92
7976 2318
10294 62
10356 306
10662 7
9855 840
10294 446
10695 66
10662 128
10790 195
10985 85
10761 543
11304 48
10740 782
11070 656
10740 1018
11758 8
11758 22
11758 178
11936 72
12008 55
11936 128
10740 1441
12181 195
12376 259
12181 485
12064 712
10356 2528
12884 206
12884 236
13120 169
13289 23
12884 440
13090 258
13348 44
10356 3059
13120 377
13289 549
13415 429
13844 3
13847 11
13415 446
13844 138
13415 727
14142 78
14220 284
14220 413
14220 652
14872 183
13415 1657
10294 4892
15072 223
10294 5089
15295 288
15383 232
15383 413
15796 70
15186 710
7976 7976
15896 259
15615 544
15186 994
15952 329
15952 417
16369 9
16369 155
16524 121
16645 70
16369 482
16524 358
16882 25
16907 233
16907 254
16851 429
16851 445
16851 520
17296 251
15186 2485
17671 224
15952 2129
18081 39
18081 83
13090 5089
17671 645
18081 243
18324 18
15952 2738
18179 929
15952 3207
18690 500
19190 276
19190 295
15952 3632
19584 44
19628 6
19634 72
19159 654
19628 199
19827 20
19813 139
19584 522
19952 205
19584 596
20180 97
20277 25
19813 511
20324 66
19584 874
20324 475
15952 5022
20974 97
20974 379
20974 383
21357 543
20974 1016
21990 163
22153 86
15952 6687
22639 172
22639 392
22811 761
22639 1225
23864 288
24152 645
24152 749
24901 464
25365 337
25365 419
25702 715
25365 1412
24901 1960
24152 2732
24152 2755
23864 3051
26915 512
27427 253
26915 991
25365 2681
23864 4241
28105 10
28115 226
28105 345
28450 75
28525 99
28115 617
28450 507
28957 242
28957 303
28957 544
29260 450
29260 1130
30390 84
24152 6687
30839 3
30474 925
30839 837
30842 948
15952 15952
31904 166
31904 269
32173 1416
33589 661
31904 2382
31904 2837
31904 2873
31904 4597
36501 1225
36501 1359
36501 1537
31904 7059
38963 615
38963 910
39873 1283
39873 1518
39873 1522
41395 115
41395 190
41395 529
41395 574
41969 1259
41969 1552
43521 941
43521 975
41969 2561
44530 512
41969 3079
45042 206
44530 748
41395 3894
45289 7
45289 305
41395 4772
46167 990
34286 12884
47170 318
46167 1635
41395 7003
48398 2681
51079 155
51234 330
39873 13415
53288 1319
54607 528
54607 2125
56732 2535
38963 20974
59937 324
59937 2070
62007 61
62007 283
62007 432
59937 2878
59267 4340
31904 31904
63808 2978
63808 6121
69929 804
69929 2309
72238 406
69929 3030
72959 729
73688 68
73756 2123
72959 3238
76197 175
63808 15186
76372 3238
78994 651
79645 505
80150 454
79645 3146
63808 19159
63808 19584
83392 524
80150 5653
83392 2841
83392 3500
86892 443
86892 465
63808 23864
86892 1351
88243 419
88243 2286
88243 2341
90584 407
90991 572
87672 4167
91839 2499
87672 7310
94982 610
95592 1386
95592 3014
98606 148
94982 4035
98754 511
99017 451
99265 589
99854 2491
94982 10356
99265 6170
105435 2019
94982 15383
110365 1994
112359 859
112359 2187
112359 2901
115260 884
115260 5022
116144 5254
110365 13348
123713 1329
110365 16180
87672 38963
63808 63808
127616 4082
127616 8024
135640 4404
140044 3246
143290 225
140044 4767
144811 436
145247 686
144811 5555
144811 8477
127616 26915
154531 421
154952 914
155866 4686
154952 6527
161479 1000
161479 1124
154531 9855
164386 489
164875 611
164875 1069
165944 2390
165944 2440
165944 3974
164386 7216
171602 661
172263 2210
154531 21357
175888 673
154531 24152
176561 2841
178683 8688
187371 1057
178683 9748
178683 10356
189039 2587
178683 21990
200673 3598
200673 5560
178683 28450
207133 669
207802 1025
154531 59937
214468 427
214468 2837
217305 3255
217305 3337
220642 981
127616 94982
222598 6383
222598 7534
222598 8397
230995 2514
233509 294
222598 22153
222598 23031
222598 28105
250703 600
127616 126635
127616 127616
255232 167
255232 2253
255232 6641
261873 5014
266887 2482
266887 2749
255232 22639
277871 870
277871 8224
277871 8377
277871 18081
295952 2293
295952 2389
298341 2278
298341 4405
298341 5677
304018 4957
304018 5003
295952 13090
277871 34777
277871 36501
314372 1477
315849 4340
314372 9947
324319 2677
324319 5011
329330 5844
324319 14872
324319 22811
347130 9940
277871 83392
298341 63808
361263 12376
373639 3326
373639 15583
361263 29260
390523 19706
390523 20458
410981 1286
410981 4783
410981 9227
420208 9658
390523 46167
436690 830
361263 78994
361263 82967
277871 178683
456554 2302
458856 3021
458856 3308
462164 39
462164 7295
456554 16369
472923 169
473092 1372
456554 18690
475244 10695
485939 3997
489936 2128
277871 214468
492339 8411
492339 10294
502633 3797
502633 4919
507552 13120
520672 859
520672 1256
521928 416
522344 2186
524530 1730
526260 6943
502633 30839
533472 596
533472 1635
534068 2978
526260 12635
535107 8428
535107 13847
535107 15866
550973 1283
277871 277871
555742 3300
555742 4388
560130 641
560130 5653
300619 266887
555742 28341
584083 5431
555742 34286
590028 4638
590028 11758
601786 1097
601786 4121
601786 5470
601786 8470
610256 6843
601786 17296
619082 8509
619082 11936
590028 45048
555742 79645
635387 1
555742 87672
643414 3672
643414 4448
647862 8807
643414 20106
663520 703
663520 4063
663520 10669
674189 3785
674189 8868
677974 9143
674189 13844
688033 17895
643414 73688
717102 4579
717102 16524
733626 5342
643414 99017
742431 18120
742431 18179
760610 2020
762630 1804
762630 5320
767950 8246
776196 6829
760610 25365
742431 47802
790233 686
742431 72238
814669 1646
816315 6458
814669 16851
831520 7596
839116 810
742431 105435
847866 4
847870 4706
852576 3365
852576 5391
847866 14142
862008 2832
643414 222598
866012 90
866102 8184
866102 18324
884426 6000
890426 2927
890426 4363
894789 6291
884426 17371
901797 1544
866102 45289
911391 66
911391 7307
918698 6063
918698 13861
918698 19485
938183 6683
866102 98754
964856 4020
968876 1163
970039 7484
977523 6147
983670 5982
964856 33589
998445 4983
1003428 5978
998445 15896
998445 16159
1014604 27427
998445 45296
964856 94338
964856 99265
1064121 2351
1066472 7417
1064121 21353
1085474 2032
1085474 19190
555742 555742
1111484 3453
1111484 5479
1116963 6971
1123934 3607
1116963 10740
1127703 2168
1127703 10790
1138493 28046
1127703 41969
1169672 13838
1169672 14633
1184305 5545
1189850 11780
1111484 95592
1207076 5419
1212495 16645
1212495 17547
1207076 41395
1248471 7397
1255868 11766
1248471 39578
1288049 73
1288049 4685
1248471 47170
1295641 9498
1295641 15615
1111484 207133
1318617 294
1318911 6867
1318617 26777
1318617 28957
1347574 19813
1367387 332
1367387 4656
1372043 5526
1377569 20390
1372043 31676
1372043 60261
1367387 70733
1438120 53
1438120 2338
1347574 98606
1446180 2579
1448759 626
1449385 4607
1449385 8209
1448759 12181
1460940 1744
1462684 14504
1477188 20
1477188 7874
1460940 31790
1492730 9468
1492730 13289
1506019 4225
1318617 217305
1535922 10761
1546683 13392
1535922 30474
1111484 456554
1568038 1806
1569844 12635
1569844 26884
1569844 26907
1568038 34741
1596751 10985
1596751 20180
1616931 19466
1569844 76197
1646041 2170
1646041 3390
1649431 817
1649431 26417
1649431 32070
1646041 41924
1687965 1870
1687965 7516
1687965 11522
1568038 135640
1703678 274
1703952 12776
1703952 16882
1720834 5315
1703678 28115
1703678 41585
1111484 643414
1754898 10662
1765560 16378
1602779 191626
1781938 20157
1754898 48398
1754898 72959
1827857 8210
1827857 12884
1840741 6317
1847058 7920
1854978 17280
1854978 19108
1874086 3610
1847058 32173
1879231 19847
1879231 20799
1879231 28525
1879231 29501
1879231 30842
1910073 6160
1916233 2366
1910073 15796
1840741 86892
1927633 44462
1927633 51079
1978712 2607
1754898 254251
2009149 2704
2009149 8925
2018074 18342
2036416 19634
2009149 53288
2062437 29710
2092147 2891
2092147 13982
2092147 24901
2092147 47488
2139635 11352
2062437 91839
2154276 37726
2154276 43228
2009149 188431
2197580 18316
2215896 652
2216548 41391
2257939 9722
2257939 45042
2257939 51564
2257939 62290
2320229 13858
2197580 140044
2337624 2960
2340584 3987
2337624 11304
2337624 16907
2337624 19628
2197580 175888
2373468 15186
2388654 392
2389046 17140
2406186 12666
2388654 34741
2423395 2125
2425520 11070
2009149 440257
2449406 21071
2449406 24797
2474203 19827
2009149 492339
2501488 7798
2501488 44530
2546018 5909
2546018 7888
2470477 88662
2553906 7766
2561672 25784
2501488 86233
2587721 15072
2501488 110365
2611853 7202
2619055 8513
2627568 21900
2649468 3064
2649468 11726
2611853 69929
2681782 9143
2681782 30390
2712172 76372
2712172 88243
2712172 112359
2824531 7967
1703678 1129871
2824531 19952
2611853 261873
2009149 866012
2875161 16281
2875161 16715
2875161 20324
2895485 90584
2895485 102345
2875161 126545
3001706 3496
2875161 154531
3029692 3568
3029692 27680
2875161 250703
3125864 13324
3139188 12063
3125864 31399
3125864 39873
3165737 99468
3165737 125042
3165737 143290
3309027 12008
3309027 54607
3165737 230995
3396732 1764
3396732 34250
3396732 38038
3434770 5182
3439952 5615
3439952 63607
3434770 83916
3434770 99854
3534624 28732
3434770 164875
3434770 257485
3692255 7961
3692255 15295
3707550 16155
3723705 5910
3692255 55135
3692255 62815
3396732 390523
3787255 41156
3787255 75879
3787255 80150
3867405 23572
3867405 26861
3894266 14220
3908486 51234
3959720 80604
3894266 154952
3867405 233509
3867405 266887
3396732 742431
4139163 79610
4139163 221623
4139163 286095
4139163 309042
3125864 1347574
4473438 17161
4473438 27906
4501344 6266
4501344 18164
4519508 28624
4548132 681
4501344 62007
4563351 59267
4563351 105338
4501344 324319
4825663 62068
4887731 45248
4887731 87335
4825663 161479
4825663 176561
5002224 20277
4473438 560130
5033568 13312
5033568 37860
5071428 62439
5133867 91563
5033568 206233
4473438 831520
4473438 884426
5357864 116144
5357864 150366
5508230 6250
5508230 13497
5521727 56732
5508230 90991
4473438 1207076
3125864 2611853
5737717 220560
5737717 295952
6033669 7887
3125864 3029692
6155556 88662
6155556 123713
6279269 87357
6366626 45278
6411904 145933
6411904 228981
6411904 269636
6681540 162603
6844143 44496
6888639 120282
7008921 25702
6155556 1116963
7272519 45594
7318113 7014
7318113 522344
7318113 535107
6155556 1703678
7859234 533203
6155556 2501488
8657044 187371
8657044 444230
8657044 502633
9159677 461877
9159677 890426
9159677 1568038
10727715 244751
10972466 3001706
10727715 5737717
16465432 1318617
17784049 361263
18145312 9101274
27246586 2873726
30120312 1535922
31656234 4473438
36129672 245629
36375301 866102
37241403 2449406
39690809 200673
39891482 10972466
50863948 2681782
53545730 314372
53860102 475244
54335346 189039
54524385 3165737
57690122 1827857
59517979 635387
60153366 3396732
63550098 2619055
66169153 82791
66251944 4139163
70391107 2197580
72588687 312648
72901335 2373468
75274803 5680514
80955317 2062437
83017754 2154276
85172030 1248471
86420501 1840741
88261242 8844415
97105657 7859234
104964891 1803296
106768187 164386
106932573 7272519
114205092 1927633
116132725 1569844
117702569 590028
118292597 1446180
119738777 1448759
121187536 3787255
124974791 964856
125939647 6033669
131973316 1064121
133037437 2627568
135665005 1085474
136750479 1646041
138396520 1127703
139524223 4448205
143972428 286248
144258676 2485
144261161 1596751
145857912 472923
146330835 533472
146864307 3867405
150731712 2712172
153443884 436690
153880574 13974172
167854746 847866
168702612 911391
169614003 1169672
170783675 3434770
174218445 5357864
179576309 814669
180390978 473092
180864070 410981
181275051 17671
181292722 2337624
183630346 214895
183845241 1745263
185590504 1460940
187051444 1847058
188898502 2215896
191114398 3005202
194119600 5304958
199424558 635076
200059634 144811
200204445 2587721
202792166 220642
203012808 1616931
204629739 1367387
205997126 1687965
207685091 2388654
210073745 1449385
211523130 601786
212124916 1457594
213582510 790233
214372743 1438120
215810863 1879231
217690094 1699487
219389581 1104664
220494245 2602793
223097038 1059194
224156232 153288
224309520 1731793
226041313 1295641
227336954 1212495
228549449 584083
229133532 1910073
231043605 507552
231551157 171602
231722759 3692255
235415014 1765560
237180574 1925869
239106443 998445
240104888 717102
240821990 862008
241683998 1372043
243056041 520672
243576713 107454
243684167 255399
243939566 1636397
245575963 2092147
247668110 918698
248586808 1978712
250565520 5033568
255599088 6279269
261878357 901797
262780154 1854978
264635132 298341
264933473 1916233
266849706 5239801
272089507 2546018
274635525 4134292
278769817 420208
279190025 5508230
284698255 968876
285667131 1440458
287107589 3599645
290707234 304018
291011252 1123934
292135186 594666
292729852 373639
293103491 1453992
294557483 1138493
295695976 2895485
298591461 663520
299254981 437520
299692501 1703952
301396453 73756
301470209 2139635
303609844 3755070
307364914 1311256
308676170 938183
309614353 309021
309923374 4425258
314348632 506430
314855062 458856
315313918 1288049
316601967 2216548
318818515 302746
319121261 131698
319252959 4100914
323353873 3309027
326662900 1596728
328259628 674189
328933817 172263
329106080 2257939
331364019 839116
332203135 2117048
334320183 2824531
337144714 1043741
338188455 1607736
339796191 2474203
342270394 2470477
344740871 485939
345226810 635388
345862198 760610
346622808 1695481
348318289 3534624
351852913 3518686
355371599 233803
355605402 1781938
357387340 847870
358235210 1566396
359801606 1908732
361710338 2800415
364510753 521928
365032681 462164
365494845 7318113
372812958 7853220
380666178 2553906
383220084 2197504
385417588 3363634
388781222 4501344
393282566 2788544
396071110 619082
396690192 1230042
397920234 3894266
401814500 3747390
405561890 6366626
411928516 2649468
414577984 10050103
424628087 489936
425118023 565783
425683806 2423395
428107201 500750
428607951 4049218
432657169 2997830
435654999 790919
436445918 2018074
438463992 1014604
439478596 785975
440264571 4825663
445090234 1874086
446964320 816315
447780635 733626
448514261 1438173
449952434 7840457
457792891 2986069
460778960 1720834
462499794 894789
463394583 688033
464082616 300619
464383235 47157
464430392 610256
465040648 474464
465515112 66786
465581898 3863134
469445032 607256
470052288 1981319
472033607 1345394
473379001 4563351
477942352 762630
478704982 1229140
479934122 347130
480281252 5071428
485352680 165944
485518624 5002224
490520848 2106129
492626977 7325127
499952104 1014341
500966445 85803
501052248 1492730
502544978 4360786
506905764 631018
507536782 1462684
508999466 4668689
513668155 1907756
515575911 4519508
520095419 12064
520107483 524530
520632013 2844483
523476496 4987142
528463638 278741
528742379 90529
528832908 2357252
531190160 155866
531346026 5599221
536945247 3908486
540853733 567506
541421239 5133867
546555106 5225430
551780536 1802095
553582631 3157263
556739894 204271
556944165 839926
557784091 1318911
559103002 970039
560073041 3707550
563780591 767950
564548541 43521
564592062 776196
565368258 308975
565677233 3321035
568998268 1129871
570128139 605907
570734046 2354531
573088577 2891876
575980453 1255868
577236321 2425520
579661841 1066472
580728313 2320229
583048542 6411904
589460446 683057
590143503 6244218
596387721 911457
597299178 3430982
600730160 429866
601160026 602883
601762909 188428
601951337 4887731
606839068 469459
607308527 6681540
613990067 1506019
615496086 2561672
618057758 1003428
619061186 9621554
628682740 1546683
630229423 96978
630326401 760551
631086952 2436590
633523542 864840
634388382 2036416
636424798 160552
636585350 1432304
638017654 169918
638187572 339191
638526763 415764
638942527 550973
639493500 667583
640161083 269369
640430452 1477188
641907640 2192002
644099642 315849
644415491 1918599
646334090 738968
647073058 329330
647402388 389222
647791610 5022501
652814111 115260
652929371 3828411
656757782 320189
657077971 1689835
658767806 977523
659745329 168384
659913713 3723705
663637418 2389046
666026464 2832498
668858962 1900030
670758992 647862
671406854 1166539
672573393 3959720
676533113 1716728
678249841 168334
678418175 462203
678880378 114546
678994924 2309503
681304427 1877696
683182123 1073889
684256012 2661194
686917206 335174
687252380 29199
687281579 207802
687489381 4490599
691979980 4975066
696955046 230132
697185178 1485062
698670240 376965
699047205 677974
699725179 1184305
700909484 5958277
706867761 1189850
708057611 113218
708170829 4040324
712211153 705928
712917081 1201630
714118711 852576
714971287 783025
715754312 552256
716306568 3890977
720197545 903341
721100886 944866
722045752 2302981
724348733 2551927
726900660 5474008
732374668 932559
733307227 2348928
735656155 4548132
740204287 2056050
742260337 2494030
744754367 6844143
751598510 121398
751719908 2652532
754372440 162479
754534919 2340584
756875503 1183510
758059013 1403719
759462732 548954
760011686 857967
760869653 5521727
766391380 3439952
769831332 2690925
772522257 534068
773056325 179402
773235727 656669
773892396 2095038
775987434 362149
776349583 647086
776996669 5578459
782575128 2509286
785084414 983670
786068084 41510
786109594 143515
786253109 4507610
790760719 924761
791685480 191626
791877106 4218773
796095879 1127541
797223420 3139188
800362608 1726149
802088757 1649431
803738188 1582479
805320667 1325778
806646445 410229
807056674 521531
807578205 822773
808400978 6888639
815289617 3729615
819019232 543535
819562767 2833549
822396316 627591
823023907 4622618
827646525 22239
827668764 6041556
833710320 1648211
835358531 1972095
837330626 145247
837475873 1087506
838563379 174473
838737852 3700216
842438068 560771
842998839 357070
843355909 893353
844249262 20302
844269564 2559139
846828703 2891442
849720145 251303
849971448 7008921
856980369 617099
857597468 1367719
858965187 1510244
860475431 412267
860887698 1502198
862389896 6640885
869030781 6557837
875588618 7034623
882623241 589514
883212755 165486
883378241 1009406
884387647 764434
885152081 298245
885450326 2406186
887856512 2587456
890443968 3398496
893842464 989652
894832116 15055
894847171 1267634
896114805 3290779
899405584 1377569
900783153 5046880
905830033 208827
906038860 1292734
907331594 1042031
908373625 721681
909095306 1602779
910698085 4548813
915246898 3057372
918304270 3033260
921337530 1397959
922735489 1681501
924416990 326996
924743986 1675848
926419834 1114937
927534771 1650248
929185019 3503559
932688578 664223
933352801 3445567
936798368 526260
937324628 8392437
945717065 2150987
947868052 2011853
949879905 72644
949952549 2418852
952371401 538895
952910296 1477208
954387504 492064
954879568 1899078
956778646 2344571
959123217 1560075
960683292 2267661
962950953 1836067
964787020 4932979
969719999 5514480
975234479 1794405
977028884 855941
977884825 3265205
981150030 2334087
983484117 901080
984385197 1872258
986257455 3151251
989408706 537046
989945752 1305139
991250891 3563356
994814247 1288122
996102369 687117
996789486 559042
997348528 874286
