2981
1 1
2 1
2 2
4 2
4 4
8 1
8 2
10 1
11 1
12 1
13 1
8 8
16 1
16 2
18 1
18 2
20 1
21 2
17 8
16 10
26 1
27 2
29 2
16 16
32 2
34 1
27 10
32 6
38 1
38 2
38 4
42 3
45 1
38 9
47 3
46 8
47 10
32 26
58 3
58 4
38 25
32 32
64 3
64 4
68 4
72 4
68 9
77 6
72 12
58 27
85 4
64 27
91 2
93 1
64 32
96 1
97 1
97 2
99 3
102 1
96 11
96 13
109 1
109 10
96 25
109 17
64 64
121 12
128 6
134 1
135 2
128 11
139 1
140 9
149 2
149 3
152 2
152 8
160 1
128 38
160 11
166 8
174 3
152 29
174 13
174 17
191 1
191 2
166 34
200 1
200 2
193 12
205 3
205 8
128 91
193 31
219 8
219 9
219 12
231 6
237 9
237 11
231 18
249 2
128 128
251 12
256 9
265 4
265 8
256 18
274 1
275 4
256 27
283 2
283 6
283 12
295 1
296 8
295 12
295 16
311 1
256 58
314 2
316 4
314 9
323 1
324 1
200 128
328 1
329 4
333 2
329 14
343 2
343 8
351 4
355 2
343 20
329 42
371 1
372 4
274 107
381 1
328 58
386 6
392 10
386 21
314 97
381 34
415 3
328 96
424 8
381 58
415 31
439 12
446 10
456 1
456 20
424 57
446 40
328 166
494 4
498 4
256 256
512 4
516 1
516 8
524 3
516 20
536 3
536 17
536 18
536 23
559 2
559 23
582 4
314 274
588 1
588 6
594 2
516 96
612 1
612 14
626 1
627 8
612 29
641 2
641 6
647 12
659 2
661 3
659 6
665 10
665 13
516 166
682 4
686 3
686 17
703 2
705 3
708 1
705 12
705 14
703 25
728 4
732 1
728 13
728 25
588 166
754 2
756 1
754 4
758 6
754 13
758 14
516 274
790 4
758 39
797 9
797 19
754 72
826 17
843 6
756 94
826 32
588 279
867 8
686 193
682 219
901 1
901 3
879 29
908 1
790 134
924 2
924 12
936 3
936 9
924 23
947 1
924 26
924 27
951 3
954 2
954 4
954 8
951 13
964 1
964 3
967 2
967 26
967 27
994 1
995 6
512 512
924 107
1031 6
1031 8
1039 6
1039 25
1064 2
1039 38
1077 9
1024 68
1092 11
1092 16
1108 1
1024 96
1120 1
1092 37
1129 4
1120 23
1143 1
1143 17
1160 4
1160 6
1166 9
1121 58
1143 62
954 256
1024 191
1215 1
1216 6
1216 12
1210 20
1215 20
1235 6
1024 219
1243 1
1235 13
1243 10
1243 23
1266 13
1243 42
1285 11
1285 29
1243 85
1328 2
1314 19
1024 314
1338 8
1346 3
1338 13
1351 3
1354 4
1351 14
1346 27
1373 16
1373 23
1389 14
1396 20
1416 2
1396 27
1423 10
1418 20
1346 93
1328 133
1461 3
1461 8
1461 9
951 524
1439 58
1497 1
1497 6
1503 2
1439 68
1507 6
1507 21
1528 1
1529 8
1507 35
1542 2
1507 40
1547 9
1266 295
1561 3
1507 58
1338 228
1566 8
1574 11
1574 27
1351 256
1607 1
1608 1
1607 4
1607 40
1647 12
1338 328
1666 9
1675 12
1497 193
1666 31
1690 13
1703 1
1690 16
1706 2
1690 47
1737 17
1574 187
1761 9
1706 91
1666 174
1840 8
1761 109
1870 2
1285 588
1873 12
1885 29
1885 34
1666 256
1922 11
1933 1
1922 18
1338 612
1950 1
1950 3
1953 3
1953 16
1969 8
1950 29
1979 13
1992 1
1992 8
1992 20
1024 1024
2048 4
2048 9
2052 6
2058 1
2059 9
2068 4
2052 29
2081 4
2052 34
2085 37
2086 37
1953 181
2123 16
2052 93
2145 8
2153 11
2153 16
2153 19
2172 2
2145 32
2177 6
2177 17
2194 8
2145 62
2174 38
2212 3
2212 29
2241 26
2145 137
2282 3
2172 121
2177 134
2311 3
2314 6
2320 23
2052 295
2347 13
2360 8
2048 343
2391 25
2347 96
2443 19
2052 424
2476 20
2496 8
2496 13
2496 18
2177 415
2514 85
2599 4
2081 554
2635 45
2476 224
2514 191
2700 20
2476 251
2727 2
2052 686
2729 16
2745 3
2738 11
2749 3
2738 31
2769 12
2769 17
2781 9
2052 754
2806 2
2806 13
2819 1
2820 11
2819 17
2048 790
2838 21
2819 47
2838 37
2875 2
2391 498
2819 99
2918 9
2927 14
2836 126
2927 42
2052 924
2838 139
2977 21
2976 29
2838 200
3038 4
3038 20
3058 12
1840 1243
3083 10
3083 20
3103 4
3103 6
3103 10
3083 32
3058 64
3083 63
3146 6
3152 14
3152 21
3152 38
3190 8
3038 192
3230 8
3230 26
3238 40
3278 19
3038 275
3313 37
3350 9
3359 16
3313 67
3146 251
3397 8
3405 12
3405 34
3238 228
3405 85
3083 411
3494 10
3504 1
2838 682
3520 6
3526 14
3526 34
3520 45
3565 13
3578 2
3526 64
3578 85
3504 166
3578 107
3685 18
3703 9
3590 134
3724 39
3520 249
3769 6
3769 14
3769 25
3526 273
3799 1
3769 37
3806 4
3806 6
3812 10
3812 16
3806 47
3853 9
3806 58
3769 97
3864 63
3927 39
3866 151
4017 6
3927 99
4026 13
3866 208
2838 1243
4081 11
4081 13
2048 2048
4081 20
4101 20
4092 57
3769 381
4150 23
4081 102
4183 14
4096 109
4205 12
4217 11
4081 166
4094 192
4217 91
4308 17
4217 134
4247 121
4096 314
4410 14
4424 4
4428 9
4410 35
4424 94
4518 40
4368 237
4247 381
4096 588
4684 14
4698 14
4605 208
4698 181
4879 85
4964 11
4964 19
4983 16
4247 756
4096 924
5020 11
5031 13
5003 58
5020 62
5020 67
5082 20
5087 23
5110 84
4628 758
4684 703
4879 659
5538 31
4684 909
5593 20
2819 2806
5625 4
3038 2592
5630 18
5625 29
4094 1607
4247 1507
5754 20
5774 25
5799 12
5701 126
5827 93
4096 1840
5936 20
5956 1
5630 376
5701 311
6012 16
5936 93
5625 411
6029 37
6029 72
5936 283
6066 181
6219 34
6247 21
6101 231
6332 12
6332 68
6219 269
6219 273
6492 8
6492 32
6524 17
6541 1
5754 879
6492 160
6633 47
6488 219
6488 295
6707 191
6707 224
6652 289
6029 947
6976 21
6997 45
7042 14
7056 32
6492 626
6029 1092
4096 3038
7118 31
7121 46
7121 72
7193 2
7121 133
7254 133
7134 307
7441 26
7441 38
7134 372
7167 392
7559 39
7598 21
7619 29
7479 263
7193 554
7479 269
7134 647
7134 767
7901 107
7134 901
8008 98
4096 4096
8035 237
8272 3
8192 102
8272 58
5020 3397
8192 231
8423 23
8423 121
8423 187
8423 263
8423 295
8718 4
8722 17
8722 97
8819 2
7901 947
8848 12
8718 181
8899 21
8920 84
8899 269
9168 1
8718 456
8718 481
9168 67
9174 140
8423 951
9235 192
9374 200
8686 904
9590 1
9374 227
9601 40
9641 17
8423 1328
9751 42
9793 39
5754 4150
9904 46
9950 39
9989 14
9751 311
10062 32
10062 46
9950 192
10003 154
8192 2052
10244 37
10281 45
6029 4368
10244 279
10244 283
10523 96
10619 63
10244 494
10682 107
10682 160
9950 947
10523 524
10682 659
8848 2592
11440 14
11440 91
10789 850
10527 1120
11647 64
10527 1243
11647 227
11531 418
9904 2202
8272 3866
10527 1666
10244 1950
8192 4081
12273 23
12296 62
9751 2727
12478 11
12478 38
12516 149
12193 494
12687 94
12478 486
12781 283
13064 42
12193 1024
12358 924
13282 18
9601 3769
13370 18
12273 1129
13402 13
12964 494
13402 187
13589 8
10281 3397
13678 16
13589 307
13896 17
13896 171
13300 772
13678 439
14067 121
13402 908
13678 682
14067 643
13896 901
14310 686
12273 2806
15079 23
15079 63
15142 39
15181 11
15181 26
15207 32
10619 4698
15142 554
15696 126
15192 635
15207 719
15926 34
15696 274
15696 386
15822 329
16151 16
8192 8192
16384 102
15192 1338
16530 32
16384 224
16608 192
16384 516
16151 790
16800 273
16941 205
16900 265
17165 57
17146 251
17222 227
16900 717
17165 626
17449 411
17860 17
13217 5020
17860 415
18275 17
15696 2781
18275 392
18237 456
18275 536
17877 1129
16941 2081
16900 2177
19077 96
19022 187
19173 237
19077 386
16900 2838
19173 675
10244 9641
19885 21
18477 1470
18292 2207
19410 1475
19738 1346
21084 47
21131 139
21131 826
21131 867
21131 954
21131 1143
22274 93
22367 161
19738 3083
22821 27
22848 135
19738 3313
23051 21
23051 99
23150 23
23173 67
19738 3520
23258 68
19077 4286
23363 16
22983 682
23258 536
21084 2738
23794 64
23794 205
23794 314
24108 77
23794 415
13458 11531
15822 9199
24108 964
25072 94
23794 1439
25233 27
25233 99
21131 4205
23072 2347
23051 2391
25166 328
25166 371
25166 659
25442 1243
25825 1210
25825 1328
25419 1977
14188 13370
15970 11874
27035 1179
28214 135
23999 4410
23794 4684
28478 62
27844 1346
28540 703
28478 826
28478 1285
19738 10244
29982 154
29982 411
30393 67
30393 283
22274 8718
30992 909
25072 7195
31901 381
16384 16384
23051 10326
21131 12687
33818 38
32768 1230
32768 1574
34342 23
34365 99
34342 273
34615 2
33377 1266
34615 102
34717 37
34464 439
25072 10523
28409 7193
35595 202
33818 2443
34365 2347
36261 733
36712 386
34365 3397
32768 5020
37788 107
37788 133
37921 1039
37788 1215
39003 40
39043 140
39003 249
29982 10108
39252 1351
39003 2476
41479 10
39003 2592
36712 6219
41479 1475
39003 4247
32768 10527
43295 1031
28478 16384
43295 2769
46064 2
46064 2012
25233 23258
48491 38
48529 527
48529 904
49056 446
43295 6219
32768 16900
49668 524
49668 733
50192 248
50440 753
51193 237
27035 25494
50192 2836
49514 3866
53380 201
53581 2311
51193 5538
49668 7121
56789 1565
56789 2081
58870 1848
60718 967
61685 202
49668 12273
61941 1556
61941 1873
61941 2153
64094 407
64094 675
32768 32768
65536 329
65536 1314
65536 1338
66874 517
67391 1659
67391 1992
66874 2977
69383 948
66850 4605
67391 4368
69851 1953
69851 6029
75880 149
76029 166
76029 498
76029 536
46066 34617
63814 17791
76565 7149
75880 9374
85254 1244
86498 154
86652 31
85254 1507
86761 329
86761 950
87711 643
86683 2820
86761 3005
89766 1358
89766 1433
89766 3828
64094 30136
89766 4605
89766 4879
94645 703
95348 678
66874 29982
96856 343
97199 582
97781 1872
97199 2462
96856 2819
99675 2680
99675 3866
103541 98
99661 4410
103639 1470
105109 1706
106815 1228
99675 9601
109276 304
109580 1066
96856 15079
111935 85
111935 415
112350 1086
113436 1547
112350 3359
115709 355
97199 19077
116276 2720
96856 23258
120114 446
120114 476
120560 285
120560 1761
120114 3146
123260 1770
123260 2059
125319 62
123260 3799
123260 4150
66874 61941
125319 3578
128815 1296
128815 1566
65536 65536
131072 84
131072 1647
132719 54
132773 965
132773 1438
131072 3152
131072 3769
134841 559
135400 227
134841 850
135691 191
135691 843
136534 47
131072 5936
137008 867
137008 950
137958 1365
137958 1497
139455 154
139609 1561
141170 402
131072 12194
143266 19
130111 13458
143266 756
143266 1979
137875 7441
145316 351
145245 4410
149655 767
131072 19738
150810 498
150810 641
151451 1160
152611 1108
151451 2496
153947 1922
155869 797
120590 36994
156666 3439
160105 2282
156666 5957
132773 30393
151451 12478
163929 647
163929 1564
163929 3397
167326 958
168284 2831
171115 708
171115 867
149655 22528
150810 23051
173861 661
173861 2057
173861 3093
173861 3494
177355 2443
179798 61
131072 49668
180740 4101
180740 4628
185368 772
180740 7134
187874 965
188839 1469
187874 4605
192479 20
192479 1064
187874 5754
193628 1754
193628 2729
193628 7167
193628 8722
202350 3380
202350 3670
202350 3853
206020 1103
206203 1529
193628 15181
208809 1601
187874 22821
210695 494
211189 1528
211189 2172
213361 137
213361 2962
187874 28478
216352 121
216473 936
216323 2177
216473 3794
220267 26
216473 4094
220567 2918
220567 4205
205730 23794
224772 5774
230546 263
224772 7118
231890 858
213498 19885
232748 2705
235453 418
231890 5003
231890 7441
239331 213
239544 1418
239331 2194
216473 25233
241706 107
241813 1464
243277 1537
243277 2285
243277 3822
180740 66874
206203 41595
247614 2123
247614 2207
249821 1349
249821 3505
247614 7193
254807 320
255127 335
247614 9751
257365 1037
257365 2592
257365 4351
261716 16
261732 357
131072 131072
262144 948
262144 1285
262144 2781
262144 2976
265120 333
263092 3578
253326 19173
262144 13402
275546 536
275546 732
275546 3042
278588 1956
278588 3504
282092 3198
278588 6783
275546 10326
275546 13217
288763 1144
289907 2875
292782 2368
262144 34342
296486 2877
262144 37788
299932 50
299932 502
300434 2859
303293 1241
263092 41479
171115 135691
306806 586
307392 202
241813 65865
292782 16486
300434 9235
300434 10397
310831 451
311282 1885
313167 9
310831 2391
313222 192
300434 15317
299932 16151
299932 16608
316540 83
316540 103
316540 594
317134 3070
316540 4698
321238 4039
265120 61685
275546 52529
328075 8
326805 1542
321238 7742
326805 2212
329017 432
329017 1133
330150 945
326805 5701
332506 708
299932 34365
334297 1708
334297 2635
336932 72
336932 246
336932 764
336932 816
336932 1389
338321 3560
341881 2202
341881 2599
341881 3109
344990 1703
336932 11047
347979 6247
336932 17449
354381 4975
354381 6542
354381 7254
361635 2360
363995 1498
363995 4445
363995 5827
369822 187
369822 1737
336932 36712
299932 75880
369822 7149
375812 3405
375812 5956
375812 6101
381913 171
262144 120114
315751 67391
382258 3466
385724 3966
262144 128815
390959 995
390959 1121
392080 494
392080 879
392959 589
390959 5625
382084 15696
396584 6066
402650 939
402650 947
390959 13402
404361 758
405119 11
404361 1607
405968 1164
405968 3864
409832 2134
411966 320
404361 8035
412396 794
413190 1544
404361 10619
414980 219
414980 1556
414980 2889
417869 177
417869 553
417869 1001
417869 2174
417869 4813
422682 1403
396584 28540
417869 7387
425124 2998
428122 2509
430631 627
431258 457
390959 43295
434254 705
428122 7195
434959 2081
437040 2153
439193 719
409832 30136
439968 709
434959 6036
434254 9169
443423 719
418870 25494
443423 2086
428122 18667
435317 16151
443423 8860
452283 476
434254 19077
453331 3526
456857 4368
461225 806
461225 1561
462786 2808
462786 3230
466016 325
461225 5538
456857 10738
317134 152611
466016 4217
470233 61
453331 17165
470496 371
434254 39003
473257 2592
475849 1934
470233 8819
475849 3565
479414 3375
482789 3862
475849 12687
482789 10062
488536 5629
488536 6707
346693 149655
496348 274
496622 11
470233 27558
488536 9950
498486 323
439193 61685
475849 25233
501082 3297
488536 15970
504506 1396
453331 53581
506912 3810
501082 11647
504506 8544
513050 208
513258 58
513050 904
382258 137958
520216 2169
520216 3107
262144 262144
524288 2680
524288 5082
529370 969
524288 7781
524288 8423
532711 486
381913 153947
532711 3663
536374 323
536697 3540
532069 10397
542466 1513
532711 14310
547021 312
547333 613
547021 1333
532711 15696
536697 11949
548407 594
549001 661
549001 1077
549001 2293
549001 2790
548407 4026
532711 23072
520216 35595
555783 1547
555783 3103
558886 2072
466763 95348
370009 192479
529370 35595
532711 39043
571754 4286
576040 956
576996 958
576040 2058
571754 9174
580928 596
581524 939
582463 6941
580928 9314
590242 407
580928 11770
592698 9574
602272 1222
592698 12964
592698 14188
571754 37098
608852 418
609270 1423
610693 1045
610693 2745
467595 153947
609270 14117
316540 309268
623387 7598
532711 99675
632386 363
632386 386
632772 2068
634840 4437
632386 6976
639362 954
639362 1416
332506 309669
639362 5569
644931 1330
646261 2320
639362 12138
651500 850
651500 1703
632386 22085
654471 1585
654471 1675
654471 2122
654471 2969
632386 25336
656146 1609
657722 733
658455 1354
524288 137008
658455 3122
513316 150422
663738 119
661296 3578
661296 3806
665102 376
665102 1266
666368 1977
666368 3238
669606 635
669606 1992
671598 382
666368 6488
672856 2164
668345 7598
675020 6931
668345 15079
672856 12358
672856 16167
689023 23
689023 665
689023 994
685214 6028
690017 2504
690017 6400
690017 8446
698463 316
698779 2215
661296 40603
701899 208
524288 180740
705028 3763
705028 5386
608852 103541
705028 9199
714227 1103
715330 954
715330 13106
705028 23794
728822 3724
547333 187874
728822 8899
737721 2343
732546 8920
737721 6652
744373 1609
744373 4325
744373 4964
744373 6012
750385 3812
744373 12516
756889 1697
756889 6253
763142 2139
763142 7042
770184 1940
756889 15317
772206 2476
774682 902
775584 561
744373 34615
778988 1109
728822 58354
787176 659
787835 5386
793221 717
787835 13678
705028 96856
801884 1248
803132 10003
803132 10682
803132 14067
801884 15822
817706 219
817706 289
817706 1205
737721 86761
818911 7742
801884 25166
827050 6500
827050 9168
836218 3703
839921 8275
836218 13388
849606 1914
836218 19209
705028 150810
855838 3350
859188 2866
862054 757
855838 12193
868031 4183
872214 3297
868031 13370
881401 3712
868031 21131
889162 1659
890821 1505
889162 7506
896668 1608
896668 5387
889162 13589
902751 3113
889162 16800
905962 1373
907335 50
905962 1461
907335 947
907423 7747
907423 9427
916850 1951
872214 50192
905962 18237
889162 35595
889162 37895
927057 2748
889162 46064
935226 1235
868031 69851
937882 193
938075 962
939037 392
939429 37
939037 1969
941006 2514
943520 6541
737721 212717
941006 13064
939037 18292
957329 764
938075 20885
958960 2927
957329 5957
961887 1919
961887 1933
494165 473257
938075 30992
957329 13458
969067 1797
549001 422682
969067 5110
969067 7479
938075 39183
969067 10842
977258 8417
985675 9904
995579 4121
999700 1066
977258 25072
1002330 849
979909 24185
937882 67391
958960 49514
1002330 6633
1008963 4149
1005273 8008
1005273 10142
1015415 4712
1005273 15102
555783 466341
1005273 18275
1023548 728
937882 86761
1024643 5630
1030273 926
1030273 6633
1036906 1675
1038581 2282
652350 389690
1036906 5654
1042560 4428
1042560 5799
1024643 23822
1030273 19173
937882 111935
1049817 2752
1049817 4023
1049817 13896
1049817 15142
924199 145316
710414 363995
1069515 7056
1064959 12489
1077448 1977
1049817 29763
1079580 6898
732546 354226
1086772 1687
1079580 10523
1090103 152
1079580 11647
1049817 43250
1093067 208
1079425 14072
1093067 13282
1106349 1993
1093067 19947
1113014 5044
1093067 27844
1120911 8610
1120911 20499
1120911 23665
872214 275546
1147760 5811
1093067 63814
1156881 37
1156918 2314
1093067 66850
1159917 9641
1169558 4424
1173982 4092
1178074 4999
1159917 23999
1159917 24108
1184025 3166
1187191 2752
1184025 6036
1190061 1216
1184025 10062
1040863 155869
1194087 17860
1211947 6006
1194087 28540
1222627 76
1222703 2603
1222627 7195
1222627 8848
698779 533197
937882 296486
1234368 1690
1234368 2145
1236513 1175
1237688 4017
855838 390959
1246797 296
1247093 5648
1236513 16608
1246797 8920
1253121 2700
1255821 664
1246797 19410
1266207 3190
1266207 14360
971683 310831
1280567 3490
1266207 25825
1292032 16486
1292032 26685
1246797 85254
1332051 6028
1332051 7901
1332051 18811
1350862 741
1351603 5031
1332051 29243
1361294 7387
1368681 8106
1246797 134841
1169558 213498
1246797 143266
1390063 3173
1390063 4983
1390063 5593
1395656 3775
1390063 10108
1399431 1205
1400171 7619
705028 705028
1410056 13597
1423653 2183
1423653 6344
1423653 10897
1423653 25442
1449095 11531
1449095 16941
1466036 345
754197 714227
1423653 48529
1472182 15207
1487389 5613
1487389 7088
1410056 87090
1497146 151
1497146 993
1498139 15192
1497146 21957
1410056 112350
1522406 5194
1527600 9004
1536604 110
1410056 130381
1540437 1704
1542141 3190
1542141 3800
1292032 257365
1549397 8330
1557727 3417
1549397 11949
1024276 547021
1561346 11341
1549397 25537
1561346 13694
1540437 34717
1575154 1611
1576765 8294
1540437 50192
1572687 23794
1590629 14996
1590629 19173
1609802 10094
1609802 15827
1609802 18693
1628495 8821
1590629 48491
1639120 2727
1252741 390959
1641847 3685
1641847 5920
1641847 6997
1648844 2416
1648844 4101
1410056 247614
1657670 2769
1660439 1542
1657670 21270
1657670 22274
1678940 1108
1679944 10738
1690682 8686
1699368 2085
1690682 23150
1713832 858
1679944 37762
1717706 2241
1719947 6268
1719947 7559
1727506 12106
1717706 22528
1717706 24209
1717706 25332
1740234 5774
1746008 9590
1717706 42954
1755598 8423
1760660 3590
1764250 3927
1768177 2000
1770177 1529
1768177 8920
1768177 12296
1780473 11639
1498139 299932
1780473 19006
1657670 145245
1802915 3122
1792112 14797
1806037 10842
1806037 17791
1806037 25419
1497146 338321
1835467 4228
1835467 13300
1802915 58870
1861785 2749
1861785 5538
1657670 220567
1878237 4074
1882311 9832
1878237 25537
1657670 257365
1915035 2820
1915035 3115
1918150 324
1915035 4096
1918474 2311
1920785 15960
1918150 23173
1918150 30136
1918150 33998
1915035 39252
1954287 3278
1954287 8272
1962559 4197
1966756 6524
1973280 174
1962559 11440
1973999 539
1973999 14797
1988796 89
1973999 19022
1954287 53028
2007315 9658
2016973 4173
1954287 69383
1915035 109276
2024311 4518
1915035 118996
2028829 10157
2024311 21998
2046309 3580
2046309 9989
1920785 144022
2024311 44862
2069173 5102
2069173 17877
2069173 23363
1973999 130381
2104380 7648
2112028 8739
2092536 33818
2126354 12665
2139019 34617
1657670 532711
2190381 3783
2190381 6332
2196713 27396
2190381 50440
2240821 3256
2244077 17397
2244077 18667
2244077 24185
2268262 10789
2279051 19848
2268262 33856
2302118 2267
2304385 23858
2304385 34643
2304385 36994
2240821 105109
2345930 35
2345965 11711
2357676 4558
2240821 139455
2380276 25260
1973280 444364
2417644 19463
2380276 65865
2446141 17617
2190381 288763
2479144 16562
1657670 855838
2513508 31901
2545409 5087
2550496 9793
2545409 41595
2587004 15926
2602930 24989
2627919 23379
2587004 64769
2513508 187874
2701382 41479
2742861 18477
2761338 51430
2761338 122321
2742861 151451
2513508 382258
2895766 8718
2904484 6680
2904484 22367
2926851 5061
2904484 28214
2932698 13415
2932698 25021
2957719 15239
2932698 76527
3009225 55892
2761338 313222
3065117 14072
3065117 32282
3097399 1279
3009225 116276
3009225 132773
3009225 213361
3222586 8008
3230594 8819
3239413 689
3230594 30460
3261054 71759
3332813 23240
3222586 139323
3361909 20499
2904484 479414
2904484 488536
3393020 34903
2904484 532069
3393020 120114
3436553 94371
3436553 94645
3531198 12781
3436553 150422
3586975 32267
3586975 38960
3436553 193628
3630181 11454
3641635 17146
3630181 42931
2513508 1246797
3760305 116064
3876369 28349
3760305 211189
3971494 224772
4196266 34754
4196266 37921
4234187 53380
4287567 4308
4234187 144022
3760305 801884
4562189 35797
4597986 7467
4597986 83714
4562189 313222
4875411 535860
4562189 1024643
5586832 41489
5586832 456857
6043689 231890
6275579 1169558
4562189 2895766
7457955 1390063
8848018 434254
9282272 657722
9282272 2701382
11983654 868031
12851685 661296
13512981 937882
14450863 2190381
16641244 173861
16815105 1540437
18355542 299932
18655474 1234368
19889842 728822
20618664 473257
21091921 216352
21308273 1049817
22358090 1915035
24273125 375812
24648937 56789
24705726 1381638
26087364 1332051
27419415 1093067
28512482 210695
28723177 3058
28726235 49514
28775749 2738
28778487 2742861
31521348 632386
32153734 2024311
34178045 21084
34199129 216473
34415602 241706
34657308 123260
34780568 1236513
36017081 3971494
39988575 404361
40392936 1079580
41472516 2894312
44366828 889162
45255990 1878237
47134227 1064959
48199186 1954287
50153473 935226
51088699 571754
51660453 5586832
57247285 555783
57803068 1590629
59393697 1005273
60398970 1918150
62317120 1159917
63477037 701899
64178936 453331
64632267 2904484
67536751 1184025
68720776 4196266
72917042 4234187
77151229 1091227
78242456 1802915
80045371 1861785
81907156 927057
82834213 470496
83304709 103541
83408250 9939994
93348244 1090103
94438347 2023670
96462017 938075
97400092 185368
97585460 265120
97850580 6492
97857072 1639120
99496192 2069173
101565365 977258
102542623 1522406
104065029 334297
104399326 30393
104429719 76029
104505748 414980
104920728 665102
105585830 1679944
107265774 6043689
113309463 381913
113691376 396584
114087960 10281
114098241 412396
114510637 1641847
116152484 1609802
117762286 1002330
118764616 17222
118781838 71804
118853642 3436553
122290195 548407
122838602 475849
123314451 134224
123448675 1266207
124714882 654471
125369353 3393020
128762373 22848
128785221 177355
128962576 392080
129354656 22983
129377639 827050
130204689 316540
130521229 405968
130927197 336932
131264129 1717706
132981835 392959
133374794 1194087
134568881 373644
134942525 1806037
136748562 1190061
137938623 608852
138547475 64094
138611569 1222627
139834196 666368
140500564 151308
140651872 1690682
142342554 924757
143267311 859188
144126499 321238
144447737 89766
144537503 2007315
146544818 76565
146621383 1760660
148382043 241813
148623856 547021
149170877 985675
150156552 127410
150283962 275546
150559508 2479144
153038652 787176
153825828 787835
154613663 354381
154968044 714227
155682271 817706
156499977 149655
156649632 1292032
157941664 3630181
161571845 6275579
167847424 995579
168843003 34464
168877467 163929
169041396 137958
169179354 1211947
170391301 1253121
171644422 103639
171748061 1090255
172838316 1023548
173861864 316083
174177947 905962
175083909 137875
175221784 1183916
176405700 969067
177374767 120560
177495327 461225
177956552 818911
178775463 817995
179593458 7445137
187038595 223485
187262080 409832
187671912 153947
187825859 1764250
189590109 702107
190292216 285872
190578088 1156881
191734969 924199
192659168 2545409
195204577 17073
195221650 1768177
196989827 580928
197570755 44326
197615081 2240821
199855902 347979
200203881 60718
200264599 576040
200840639 300434
201141073 504506
201645579 3383898
205029477 501082
205530559 220267
205750826 155869
205906695 11874
205918569 2092536
208011105 135400
208146505 27035
208173540 462786
208636326 97199
208733525 16082
208749607 87711
208837318 1497146
210334464 907423
211241887 902751
212144638 737721
212882359 3586975
216469334 127059
216596393 592698
217189091 310831
217499922 1423653
218923575 3427923
222351498 1713832
224065330 958960
225024290 61685
225085975 1519103
226605078 578098
227183176 801513
227984689 132719
228117408 402650
228520058 403597
228923655 264925
229188580 744373
229932953 326805
230259758 470867
230730625 3531198
234261823 332506
234594329 1361294
235955623 672856
236628479 1472182
238100661 2380276
240480937 896668
241377605 1350862
242728467 208809
242937276 4875411
247812687 1048465
248861152 639362
249500514 689023
250189537 2761338
252950875 405119
253355994 239331
253595325 466016
254061341 520216
254581557 1339952
255921509 778988
256700497 1449095
258149592 836218
258985810 2016973
261002783 936461
261939244 382084
262321328 907335
263228663 1030273
264258936 61887
264320823 1867323
266188146 2046309
268234455 29304
268263759 417869
268681628 381768
269063396 1318717
270382113 3625935
274008048 2883659
276891707 361635
277253342 1247093
278500435 1952148
280452583 2932698
283385281 311282
283696563 2087050
285783613 690017
286473630 664874
287138504 1903774
289042278 443423
289485701 1120911
290606612 3009225
293615837 1036906
294652743 2926851
297579594 1575154
299154748 2126354
301281102 1962559
303243661 28409
303272070 1280567
304552637 152611
304705248 139609
304844857 590242
305435099 4378209
309813308 278588
310091896 1780473
311872369 1231475
313103844 391954
313495798 756889
314252687 1973999
316226686 1191277
317417963 30676
317448639 452283
317900922 513050
318413972 1831456
320245428 2345930
322591358 145316
322736674 470233
323206907 120845
323327752 317134
323644886 558886
324203772 1236058
325439830 536374
325976204 4287567
330263771 1255821
331519592 976546
332496138 939037
333435175 338321
333773496 957329
334730825 498486
335229311 179798
335409109 772206
336181315 192479
336373794 176954
336550748 665478
337216226 750385
337966611 53581
338020192 1024276
339044468 363995
339408463 51193
339459656 1077448
340537104 533197
341070301 881401
341951702 33377
341985079 143285
342128364 445509
342573873 1466036
344039909 1042560
345082469 141170
345223639 3543979
348767618 188839
348956457 7748
348964205 261716
349225921 1864534
351090455 902055
351992510 1648844
353641354 289907
353931261 88354
354019615 941006
354960621 202350
355162971 1351603
356514574 2244077
358758651 498809
359257460 2196713
361454173 254807
361708980 1020375
362729355 954070
363683425 422682
364106107 379217
364485324 285371
364770695 732546
365503241 961887
366465128 452759
366917887 651500
367569387 495243
368064630 3222586
371287216 872214
372159430 434959
372594389 437040
373031429 1015415
374046844 657440
374704284 420043
375124327 206203
375330530 418870
375749400 249821
375999221 1063713
377062934 56731
377119665 369822
377489487 125319
377614806 1166
377615972 669606
378285578 156666
378442244 236893
378679137 418422
379097559 466763
379564322 265453
379829775 754197
380583972 200795
380784767 1948286
382733053 712393
383445446 263092
383708538 1498139
385206677 439193
385645870 1513331
387159201 465594
387624795 698463
388323258 1400171
389723429 1308518
391031947 371559
391403506 397780
391801286 167326
391968612 25494
391994106 1743038
393737144 1229822
394966966 890821
395857787 922406
396780193 313167
397093360 1269397
398362757 2957719
401320476 1741915
403062391 1966756
405029147 512729
405541876 165493
405707369 2194164
407901533 48076
407949609 3141998
411091607 3125501
414217108 282092
414499200 1823828
416323028 425124
416748152 3361909
420110061 632772
420742833 320204
421063037 1395656
422458693 106815
422565508 93594
422659102 548354
423207456 1434550
424642006 552433
425194439 3619242
428813681 230546
429044227 341881
429386108 1993021
431379129 99661
431478790 1048359
432527149 76195
432603344 1957565
434560909 336005
434896914 1628495
436525409 4597986
441123395 1253
441124648 46066
441170714 542466
441713180 1549397
443262577 206020
443468597 3065117
446533714 1740234
448273948 2056298
450330246 1678940
452009186 3530924
455540110 104071
455644181 3230594
458874775 405130
459279905 2587004
461866909 1777097
463644006 3261054
466905060 1187191
468092251 2550496
470642747 2268262
472911009 1338079
474249088 3673112
477922200 710414
478632614 505902
479138516 216323
479354839 644931
479999770 939429
480939199 689688
481628887 2946113
484575000 549001
485124001 671598
485795599 329017
486124616 2911164
489035780 793221
489829001 529370
490358371 3332813
493691184 276278
493967462 564965
494532427 513258
495045685 763142
495808827 905864
496714691 168284
496882975 513316
497396291 276082
497672373 1113014
498785387 280544
499065931 1941323
501007254 1069515
502076769 370009
502446778 803132
503249910 963820
504213730 418046
504631776 5628321
510260097 943520
511203617 1144576
512348193 749337
513097530 2345965
515443495 557330
516000825 16530
516017355 309669
516327024 344990
516672014 1129521
517801535 95348
517896883 230809
518127692 49433
518177125 232748
518409873 715330
519125203 428122
519553325 1660439
521213764 1719947
522933711 36261
522969972 1919131
524889103 685214
525574317 2302118
527876435 632749
528509184 1106349
529615533 609270
530224803 1460626
531685429 500878
532186307 292782
532479089 69050
532548139 1988796
534536935 411966
534948901 162623
535111524 1368681
536480205 1699368
538179573 1576765
539756338 330150
540086488 4291875
544378363 1835467
546213830 1973280
548187110 27153
548214263 817199
549031462 1746008
550777470 551791
551329261 86498
551415759 606886
552022645 774682
552797327 698779
553496106 1574934
555071040 675020
555746060 368440
556114500 581524
556696024 640778
557336802 97781
557434583 19885
557454468 562111
558016579 125381
558141960 2262744
560404704 2446141
562850845 118996
562969841 770184
563740025 205730
563945755 253326
564199081 1647767
565846848 547333
566394181 309268
566703449 49056
566752505 385724
567138229 652350
567790579 1882311
569672890 551294
570224184 389690
570613874 172183
570786057 1973454
572759511 813814
573573325 1108342
574681667 1173982
575855649 1727506
577583155 813135
578396290 1870
578398160 663738
579061898 916850
579978748 1217953
581196701 354226
581550927 235453
581786380 337748
582124128 1156918
583281046 623387
583904433 1008963
584913396 249737
585163133 915170
586078303 131156
586209459 220293
586429752 462031
586891783 184841
587076624 1848767
588925391 52529
588977920 668345
589646265 313414
589959679 1918474
591878153 115709
591993862 3641635
595635497 2357676
597993173 974177
598967350 1661981
600629331 826653
601455984 1076571
602532555 272499
602805054 27558
602832612 741466
603574078 346693
603920771 513954
604434725 1651260
606085985 217409
606303394 186140
606489534 1487389
607976923 444364
608421287 96026
608517313 482789
609000102 303293
609303395 102355
609405750 94230
609499980 2021146
611521126 135691
611656817 1376787
613033604 658455
613692059 153719
613845778 299982
614145760 1770177
615915937 255127
616171064 1542141
617713205 671980
618385185 212717
618597902 1561346
620159248 1255717
621414965 407132
621822097 590649
622412746 71455
622484201 130111
622614312 439968
623054280 213498
623267778 497791
623765569 971683
624737252 862054
625599306 908282
626507588 1231976
627739564 50401
627789965 1038581
628828546 1585059
630413605 5411271
635824876 1917855
637742731 1086478
638829209 2049889
640879098 1159232
642038330 1974538
644012868 435317
644448185 576996
645025181 1237688
646262869 299363
646562232 1557727
648119959 2304385
650424344 196357
650620701 530339
651151040 251170
651402210 1147760
652549970 259957
652809927 855427
653665354 494165
654159519 1468424
655627943 1527600
657155543 970864
658126407 999700
659126107 190308
659316415 1799479
661115894 963806
662079700 523323
662603023 765281
663368304 1755598
665123902 261732
665385634 630985
666016619 86652
666103271 950061
667053332 40090
667093422 2028829
669122251 258402
669380653 440995
669821648 3513134
673334782 145667
673480449 13694
673494143 4681700
678175843 1645532
679821375 439912
680261287 313176
680574463 229524
680803987 728436
681532423 496348
682028771 1042040
683070811 108043
683178854 696417
683875271 263429
684138700 1284057
685422757 550078
685972835 175918
686148753 3356053
689504806 536697
690041503 171115
690212618 2139019
692351637 849606
693201243 2279051
695480294 2405536
697885830 316643
698202473 243277
698445750 1040863
699486613 1153571
700640184 233383
700873567 907385
701780952 522385
702303337 306806
702610143 526968
703137111 605662
703742773 307678
704050451 210410
704260861 775584
705036445 625808
705662253 1536604
707198857 2651773
709850630 470294
710320924 241525
710562449 653203
711215652 179859
711395511 316623
711712134 824482
712536616 136534
712673150 392574
713065724 610693
713676417 2417644
716094061 430631
716524692 1497297
718021989 1086772
719108761 266670
719375431 451468
719826899 2341379
722168278 193543
722361821 295150
722656971 247099
722904070 424085
723328155 239544
723567699 549662
724117361 160105
724277466 2339028
726616494 91199
726707693 315751
727023444 13913
727037357 4231020
731268377 174522
731442899 613438
732056337 285290
732341627 2038986
734380613 758586
735139199 23326
735162525 1395046
736557571 255462
736813033 1714690
738527723 1256485
739784208 748698
740532906 3876369
744409275 1575040
745984315 235871
746220186 839921
747060107 496622
747556729 772124
748328853 1652945
749981798 1429997
751411795 141572
751553367 2104380
753657747 70331
753728078 393548
754121626 477783
754599409 163166
754762575 692521
755455096 13458
755468554 2560289
758028843 875511
758904354 431258
759335612 344480
759680092 207732
759887824 128897
760016721 113436
760130157 1839695
761969852 29190
761999042 195382
762194424 4605453
766799877 1726215
768526092 1798071
770324163 331095
770655258 898276
771553534 716284
772269818 659809
772929627 1561144
774490771 683424
775174195 506912
775681107 1920785
777601892 634840
778236732 207123
778443855 307392
778751247 415199
779166446 2602930
781769376 3097399
784866775 3382408
788249183 1503
788250686 547946
788798632 99653
788898285 1003179
789901464 245562
790147026 670241
790817267 466341
791283608 413190
791696798 2173636
793870434 970787
794841221 582463
795423684 337696
795761380 2812768
798574148 247798
798821946 689046
799510992 1046988
800557980 337178
800895158 81605
800976763 337004
801313767 1008474
802322241 548646
802870887 1241705
804112592 425256
804537848 1701453
806239301 540237
806779538 885113
807664651 162387
807827038 344083
808171121 125030
808296151 776145
809072296 1013281
810085577 64501
810150078 892326
811042404 745982
811788386 164576
811952962 467595
812420557 1383056
813803613 143569
813947182 120590
814067772 611738
814679510 1494477
816173987 589404
816763391 1053840
817817231 192499
818009730 304571
818314301 403589
818717890 414734
819132624 1178074
820310698 656593
820967291 1356634
822323925 793938
823117863 602272
823720135 136581
823856716 833550
824690266 1000766
825691032 304534
825995566 555811
826551377 963286
827514663 1792112
829306775 1764021
831070796 1572687
832643483 640316
833283799 504379
833788178 1052569
834840747 2627919
837468666 171823
837640489 63497
837703986 543979
838247965 1020127
839268092 1892143
841160235 661577
841821812 1571297
843393109 621542
844014651 656056
844670707 3239413
847910120 1141410
849051530 412286
849463816 1545941
851009757 109580
851119337 1013112
852132449 328075
852460524 112020
852572544 681951
853254495 967422
854221917 1252741
855474658 1407790
856882448 1282514
858164962 656146
858821108 3079189
861900297 469745
862370042 700994
863071036 135882
863206918 2074275
865281193 862811
866144004 939466
867083470 1196732
868280202 1088459
869368661 240962
869609623 1771706
871381329 86683
871468012 2931912
874399924 496633
874896557 1118058
876014615 3658781
879673396 3098678
882772074 875
882772949 562488
883335437 486651
883822088 1816879
885638967 646261
886285228 1605625
887890853 648581
888539434 3240102
891779536 929805
892709341 848196
893557537 244814
893802351 918801
894721152 431715
895152867 1399431
896552298 110646
896662944 307594
896970538 1393236
898363774 1806909
900170683 2298899
902469582 979909
903449491 663857
904113348 492851
904606199 2495706
907101905 1189943
908291848 817925
909109773 958093
910067866 1493002
911560868 157584
911718452 89503
911807955 49502
911857457 114983
911972440 1739612
913712052 1079425
914791477 1022124
915813601 1093275
916906876 2261474
919168350 80683
919249033 360923
919609956 1425836
921035792 1545331
922581123 639277
923220400 440677
923661077 560958
924222035 2463758
926685793 218500
926904293 1222703
928126996 479052
928606048 329449
928935497 577954
929513451 603494
930116945 780097
930897042 2786
930899828 1004094
931903922 91124
931995046 1596481
933591527 3074560
936666087 134211
936800298 675943
937476241 333214
937809455 35602
937845057 2034031
939879088 2651298
942530386 1936745
944467131 1625629
946092760 1637316
947730076 383142
948113218 1466381
949579599 328347
949907946 2437107
952345053 740064
953085117 2328243
955413360 1643700
957057060 328083
957385143 691242
958076385 1225306
959301691 2362234
961663925 2941
961666866 365493
962032359 171982
962204341 328980
962533321 657755
963191076 444142
963635218 359356
963994574 376971
964371545 446789
964818334 735207
965553541 2972958
968526499 1031199
969557698 642175
970199873 135627
970335500 1400636
971736136 14710
971750846 1988885
973739731 262089
974001820 9591
974011411 510722
974522133 19906
974542039 416536
974958575 133738
975092313 325277
975417590 3904718
979322308 1680048
981002356 2064807
983067163 2112028
985179191 1536714
986715905 2120767
988836672 1049446
989886118 1074409
990960527 2224109
993184636 1093497
994278133 1619896
995898029 851520
996749549 708791
997458340 950438
998408778 1183073
