1610
1 1
2 1
2 2
4 1
4 2
4 3
4 4
8 2
10 1
11 2
11 3
8 8
16 1
16 2
18 1
18 3
21 2
23 2
25 2
18 10
28 1
16 16
32 3
32 4
36 2
36 3
36 5
41 3
44 2
36 11
47 1
48 1
32 18
50 1
51 1
52 1
51 3
50 6
56 1
56 2
58 1
59 3
32 32
64 1
65 3
65 4
69 1
70 5
69 7
76 1
76 2
76 5
81 3
65 21
86 1
87 1
87 3
90 1
64 28
92 1
93 1
94 1
95 1
92 6
98 4
98 6
104 2
106 1
104 4
108 1
108 4
92 21
64 50
114 1
114 2
114 7
121 1
122 1
121 4
121 5
64 64
128 1
129 6
129 7
128 10
138 1
138 3
138 6
138 7
129 23
152 5
152 14
116 51
167 2
169 1
121 50
171 4
129 50
179 3
128 56
184 2
184 4
188 5
193 1
193 2
195 1
193 5
198 6
198 11
209 3
209 4
198 16
214 2
214 3
214 5
193 27
220 2
179 47
226 3
229 1
229 2
231 2
184 50
234 4
128 114
242 2
244 3
247 1
247 2
247 3
247 5
128 128
256 1
257 5
257 8
256 11
247 21
268 3
268 4
268 6
274 3
277 8
268 18
286 4
247 51
256 50
306 1
306 5
186 129
315 2
256 64
320 1
321 1
322 3
321 7
320 10
330 8
330 10
330 11
341 1
330 14
344 4
256 93
349 1
350 3
349 8
344 14
358 1
358 3
361 4
349 18
367 3
370 1
315 58
373 5
373 7
380 2
380 7
387 4
391 2
367 28
349 47
396 1
397 3
400 2
400 3
403 5
373 36
409 4
409 6
415 1
416 1
416 2
415 7
422 1
422 6
428 1
428 6
428 7
435 5
256 186
256 188
444 7
444 10
444 23
467 13
247 234
481 5
486 4
467 27
481 14
495 3
467 36
503 5
508 2
256 256
512 3
512 6
512 8
520 1
512 10
512 11
523 6
529 1
530 5
512 28
540 1
540 2
542 6
315 234
549 2
551 8
549 11
551 16
567 2
567 7
567 8
512 65
577 4
581 1
577 8
585 4
589 1
540 54
594 4
594 5
594 10
604 2
585 23
608 1
609 1
577 36
613 2
615 8
609 19
444 186
630 11
641 1
641 3
641 6
647 2
649 6
649 8
630 28
658 8
666 1
613 58
671 1
672 2
672 7
679 1
680 10
577 114
691 1
692 1
512 184
696 1
697 3
697 4
701 7
697 23
720 2
720 10
697 36
733 2
720 18
738 7
733 14
738 11
512 238
750 1
750 4
750 5
755 1
755 3
758 1
759 2
512 256
768 4
768 19
696 92
788 1
788 2
790 3
793 1
794 2
793 5
798 1
799 3
793 14
798 10
697 113
810 8
818 3
821 2
793 32
790 36
810 25
835 3
838 7
845 3
826 25
851 11
862 1
863 4
863 7
851 27
826 54
851 36
887 2
838 58
788 113
901 3
901 7
908 2
908 3
911 4
901 16
917 3
917 4
921 5
926 3
887 58
945 3
948 1
917 41
958 1
959 2
908 56
964 6
945 28
790 186
976 1
790 188
978 2
978 5
978 7
985 1
985 7
691 306
997 2
997 4
1001 1
1001 8
997 16
997 25
1022 1
512 512
1024 1
1024 6
1030 2
1024 18
1042 3
1042 4
1030 25
1022 36
1058 6
1064 3
1064 19
1083 3
1083 10
1067 28
1095 3
1058 49
1024 86
1110 1
1111 7
1110 25
1110 27
1024 121
1145 4
1145 10
1155 1
1156 2
1156 3
1159 7
1155 14
1169 5
1169 7
1145 36
1181 4
1181 23
1204 8
1204 10
1214 1
1169 47
1204 14
1218 4
1155 69
1181 56
1237 2
1239 2
1181 65
851 396
1247 10
1247 11
1024 242
1266 5
1271 8
1279 6
1271 23
1279 19
1298 4
1266 47
1313 4
1313 11
788 540
1328 2
1328 4
1328 5
1333 8
1258 92
1266 98
1364 1
1266 128
1394 11
1364 47
1364 50
1394 29
1423 6
1411 29
1440 3
1394 65
1459 4
788 691
1479 2
1481 21
1502 1
1502 10
1364 152
1516 1
1516 4
1516 10
1526 8
1534 1
1526 14
1169 373
1542 8
1540 11
1479 90
1479 125
1604 1
1605 11
1569 50
1605 23
1616 16
1616 25
1247 396
1643 6
1479 179
1658 10
1668 2
1670 19
1689 8
1658 51
1709 8
1717 1
1709 14
1723 6
1723 19
1729 18
1747 5
1729 32
1761 10
1723 51
1774 14
1788 6
1668 129
1797 7
1266 540
1774 54
1828 4
1806 27
1709 126
1806 41
1806 47
1853 2
1806 52
1806 76
1882 19
1855 58
1858 58
1806 116
1922 7
1929 6
1929 28
1266 697
1963 2
1929 54
1963 21
1984 3
1984 6
1984 18
2002 10
1983 41
2024 6
1963 70
2033 4
1929 115
1658 396
2054 7
2044 19
2024 108
1984 152
2054 86
2140 8
2148 1
2149 3
2152 11
2148 44
2148 54
1658 551
2136 86
2222 4
1668 577
2245 3
2245 8
2140 129
2044 238
2282 11
2282 18
2282 21
1723 585
2303 50
2282 75
2308 75
2383 4
2387 1
2387 10
2209 196
2405 4
1266 1145
2411 6
2282 144
2411 41
2452 14
2411 69
1266 1266
2532 5
2532 14
2452 152
2604 1
2532 113
1922 790
2645 76
2308 442
2721 92
2645 186
2831 58
1643 1247
2890 16
2532 396
2532 442
2974 4
2974 8
2974 11
2974 52
2928 128
3026 52
2452 754
1963 1247
3026 367
3206 195
3210 220
3430 54
3484 36
3520 3
3523 113
3210 444
3654 48
3393 391
3484 311
3520 290
3795 41
3210 641
3851 29
3880 25
3851 57
3851 59
3910 157
3910 230
4067 90
4157 92
4140 222
2974 1569
4543 114
4157 560
4657 68
2532 2411
4543 976
5519 209
4943 4943
9886 696
10582 788
11370 901
11370 1145
12515 1963
14478 768
15246 444
15690 126
15816 790
16606 577
17183 523
17706 1806
19512 720
20232 691
20923 6
20929 19
20948 234
21182 1110
22292 826
23118 1479
24597 58
24655 2974
27629 613
28242 1364
29606 349
29955 1984
31939 396
32335 1922
34257 244
34501 585
35086 2480
37566 851
38417 184
38601 1394
39995 320
40315 306
40621 608
41229 247
41476 630
42106 188
42294 129
42423 87
42510 1247
43757 997
44754 1271
46025 522
24655 23118
47773 978
48751 1658
50409 2054
52463 315
52778 549
53327 2712
56039 978
57017 27
57044 467
57511 93
57604 976
58580 51
58631 330
58961 373
59334 238
59572 193
59765 1604
61369 481
61850 1643
63493 226
63719 793
64512 409
64921 1155
46025 20929
34501 34257
68758 268
69026 1668
70694 810
71504 1328
72832 641
50409 24597
75006 415
75421 129
75421 901
76322 4543
80865 3210
84075 750
84825 48
84873 3430
88303 2
88305 129
88434 1110
89544 671
63493 27629
91122 609
91731 3484
95215 344
95559 171
95730 1169
96899 1882
98781 167
98948 503
99451 1224
100675 330
101005 3851
104856 628
105484 1858
107342 1670
109012 68
109080 608
109688 2245
111933 1258
113191 152
113343 1709
115052 551
115603 835
115603 1479
117082 367
117449 1350
118799 2209
64921 57017
121938 520
122458 1723
124181 188
124369 1022
125391 1797
127188 413
127601 1542
129143 422
109688 20948
130636 198
130834 671
131505 738
132243 908
133151 672
133823 349
134172 428
134600 2452
137052 195
137052 540
137592 138
137730 887
138617 594
138617 1963
140580 581
141161 286
125391 17183
142574 529
143103 838
143941 2890
146831 23
146854 964
147818 658
148476 945
149421 157
149578 1481
151059 1181
152240 2
152242 542
152784 604
153388 606
153994 3910
157904 1058
158962 196
159158 917
160075 113
160188 896
161084 1137
162221 416
162637 68
162705 115
117449 46025
163474 1619
165093 114
124369 42106
166475 921
167396 114
115603 56039
171642 1459
173101 2645
175746 380
176126 2308
167396 11370
178766 825
179591 1853
181444 2750
184194 104
184298 4067
188365 94
188365 114
188479 1804
190283 341
190624 589
191213 1149
192362 1279
193641 1463
195104 582
195686 495
196181 95
196276 1064
197340 62
130834 68758
199592 1204
200796 1774
202570 70
202640 321
202570 608
203178 1855
184298 20929
205227 358
205585 44
165093 46025
211118 2140
213258 679
213937 267
214204 169
214204 409
214373 358
214613 138
214751 1516
216267 328
216595 541
217136 548
217684 755
218439 985
111933 109688
221621 754
222375 126
153994 69026
223020 70
222501 908
223409 880
224289 1246
225535 5519
231054 195
231249 1835
233084 214
233084 540
233084 1279
234363 920
235283 3206
223409 16606
240015 361
240376 188
240015 768
240783 798
241581 2269
202961 42294
245255 1929
247184 166
181444 66076
247520 530
248050 96
247350 1459
248809 2928
251737 1605
253342 973
254315 1717
256032 733
256765 395
257160 958
258118 758
258876 75
258951 229
259180 231
259411 2136
261547 1847
263394 230
263394 604
263998 1237
263394 2890
265235 2209
267444 666
268110 518
268628 825
268110 2890
268110 3206
271316 2383
273699 370
179591 96899
276490 252
202961 75550
278511 494
279005 1218
279005 1258
280263 1030
281293 958
282251 91
282342 435
282777 878
283655 298
283953 959
284912 1137
286049 387
211118 75550
286668 4157
290825 108
290933 214
291147 1111
292258 1365
293623 1239
294862 29
294891 1216
296107 186
296293 2044
298337 1176
299513 1083
300596 32
300628 1729
302357 1013
303370 793
303370 1216
304586 610
305196 391
305587 2033
307620 808
308428 1983
310411 1055
311466 1067
312533 122
312533 157
196181 117449
312655 1237
313892 2024
315916 311
316227 2282
318509 567
319076 983
320059 274
233298 88434
321732 498
322230 1833
324063 701
324764 152
324063 908
324764 358
324916 978
325894 1214
327108 1042
176126 152242
328368 257
328368 274
328625 582
329207 1761
330968 2132
320059 14478
334537 1747
334537 2308
336845 862
337707 751
337707 2245
339952 322
340274 1649
341923 2831
344754 735
345489 1156
346645 541
347186 1266
348452 2037
350489 4140
345489 10582
356071 599
356670 1788
356670 2245
222501 137052
328625 34501
363126 985
364111 1
364112 145
364257 911
365168 560
365728 2063
367791 434
368225 3908
372133 108
372241 2721
374962 409
375371 575
375946 429
376375 1718
378093 1616
379709 647
380356 306
380662 1632
380356 2974
383330 144
383330 186
383516 3401
386917 94
365168 22292
386917 911
387828 1032
388860 1901
390761 106
390867 667
391534 454
391988 759
391988 1067
392747 1328
394075 582
394657 18
394675 1333
394675 1858
396533 3520
400053 2426
402479 3026
383474 23118
406592 1414
408006 3795
411801 397
411801 1181
412982 116
365728 48751
414479 2405
416884 36
416920 964
416920 1835
418755 649
419404 51
419455 2357
421812 1526
336284 88303
424587 16
424603 272
424875 28
424903 1520
426423 3654
430077 76
430153 807
430153 1459
431612 1350
432962 598
433560 247
433807 1502
435309 325
341923 95215
437138 125
437263 49
437312 730
438042 644
438686 3393
442079 1046
443125 889
444014 88
444014 3910
447924 290
379709 68758
448467 1045
329207 121008
449512 738
450250 371
450621 152
450773 2387
453160 754
453160 1788
233624 221621
437263 20929
458192 2148
460340 680
461020 2202
463222 1628
464850 2030
466880 39
466919 756
467675 2303
431612 40621
472233 49
472282 214
472496 2906
472496 3520
476016 277
476293 515
448467 29606
478073 2388
320059 161084
480461 697
481143 27
481170 125
481295 1313
482608 1001
483609 1411
485020 2985
488005 887
488892 2149
458192 34501
492693 219
492912 435
304586 190283
494869 442
495311 70
495381 107
358458 137247
495311 598
495381 788
496169 818
354629 143103
495488 3795
499283 1742
501025 265
501290 35
501290 667
501957 2604
501325 4067
505392 69
505461 3784
509245 400
509245 549
509794 807
510601 2466
513067 373
513440 863
514303 1517
501957 17183
519140 265
519405 342
519747 141
519888 1009
519747 1723
521470 2982
524452 357
524809 1717
526526 926
526526 997
527523 697
528220 1957
530177 1540
531717 234
531951 1095
533046 290
533336 1215
461020 76322
537342 1222
537342 1833
519140 20948
540088 244
540332 125
540457 2889
543346 451
543346 997
544343 1107
290825 257160
547985 250
548235 91
548326 271
548597 298
548895 38
548895 2721
551616 112
293623 258876
552499 1752
534551 22292
556843 64
556907 1828
558735 348
338458 223090
561548 152
561700 418
562118 977
562118 1001
496169 69026
563119 2282
565195 630
414479 152240
566719 1641
568360 1540
569900 217
570117 567
570684 409
571093 1916
551616 22292
573908 198
574106 152
574258 393
574106 1145
575251 6
575257 3810
579067 109
579176 1118
580294 209
367791 217136
520897 66954
320059 268628
338458 251737
590195 1689
591884 340
592224 194
592224 267
592418 145
592418 3026
595444 1551
596995 145
514303 84075
598378 340
598378 604
598982 1324
324916 276490
601406 749
602155 1159
603314 213
603527 1166
604693 216
604909 1423
606332 747
607079 136
607215 1298
537342 75006
612348 1294
613642 378
450250 165093
615343 1098
616441 992
617433 44
617477 2605
620082 845
620927 2222
623149 768
623917 338
624255 139
624394 2253
626647 761
627408 735
628143 1935
630078 2417
632495 574
519140 115052
634192 182
634374 1204
635578 18
504561 131505
636066 4657
640723 350
641073 92
603527 38417
641944 821
642765 81
579067 66076
645143 2409
647552 1185
648737 970
649707 317
650024 115
623149 29606
652755 642
653397 1302
654699 262
654961 1405
656366 2269
521470 137592
659062 423
659062 1298
660360 233
615343 46025
387011 276490
663501 1517
665018 307
665325 70
400053 266284
665018 1542
666337 747
666560 1517
519747 148476
668077 1423
669500 123
669623 2813
672436 212
672648 2397
675045 18
675045 38
675045 750
675063 1107
675045 1414
616441 61369
677810 1257
679067 52
679119 1479
679119 1643
680762 911
681673 745
682418 286
682704 520
683224 870
683224 2383
607215 80865
688080 378
472233 216267
505461 184298
689759 904
688500 2209
688458 2750
691208 1761
692969 1534
694503 1093
695596 999
695596 2452
698048 690
698738 46
698784 285
372241 328642
700883 1135
702018 1550
539175 165093
704268 503
704771 353
665395 40315
705710 2248
423338 284912
704771 3851
708622 286
708622 759
709381 1512
710893 915
711808 2002
713810 229
711808 2248
714056 13
705124 9886
715010 64
433807 282342
716149 948
717097 78
524452 193641
717097 1616
718713 1440
720153 382
720535 667
721202 444
721646 615
720535 1828
722363 1158
723521 440
723961 370
724331 2061
726392 91
509794 218439
728233 397
728630 1285
729915 3523
493347 240564
733911 889
734800 2192
736992 1697
738689 403
739092 7
739099 3702
742801 521
702018 42294
742801 1963
744764 867
745631 2300
747931 2033
749964 590
750554 1569
752123 2353
752123 2452
754575 47
702018 53327
754622 948
755570 107
755677 47
603527 153388
756915 417
757332 348
757680 64
757332 1214
758546 77
584927 176126
761053 692
761745 701
762446 1086
763532 175
763532 418
763950 794
764744 359
765103 3056
443125 327108
770233 945
771178 1332
588687 184298
772510 1022
773532 17
773549 249
773798 7
773805 2226
776031 115
776146 141
776031 667
472496 304586
723521 56039
779560 257
779560 1086
780646 204
780850 408
592491 190624
783115 1913
785028 1414
786442 708
604693 184298
788991 3880
792871 5728
635578 163474
799052 373
799425 1535
714069 88303
688080 115603
563119 241581
652755 152242
804997 29
805026 10
495705 312690
808395 1520
809915 1174
811089 1212
448214 364257
812471 508
812979 1429
814408 219
814627 222
814627 1797
816424 823
817247 486
454948 364257
819205 408
819613 248
495381 324916
820297 244
820297 454
444102 378093
820751 1517
822268 700
822968 910
823878 84
437138 388860
755677 72832
828509 4362
832871 1794
834665 93
444102 390867
834969 102
754476 80865
834969 690
835659 186
835659 393
836052 590
836642 722
837364 693
837364 1479
838843 1965
840808 90
733911 107342
840898 395
841293 209
836642 9886
846528 623
847151 490
847641 2152
849793 1341
851134 4725
814408 43757
858165 2012
538564 321732
820751 40621
861372 680
862052 108
862160 674
862052 2054
864106 75
864181 112
864293 35
864293 691
864984 848
865832 5
865832 248
865837 551
865832 1365
867197 3078
870275 535
548597 324764
864106 10582
598378 276742
873361 2397
875758 193
875951 961
875758 2033
667084 211118
878202 787
878989 50
879039 574
747931 133823
879613 2411
881754 926
636066 247184
883250 2163
885413 2293
840898 47773
561548 328368
889916 2978
892894 1023
892894 3795
896689 796
897485 1503
847151 52778
899929 1045
900974 1317
902291 647
902938 171
903109 657
903766 929
903766 1709
905475 1135
648737 259411
908148 3636
548933 364112
913045 1990
915035 548
915583 655
635578 282251
917829 1174
917829 1858
591884 328625
634192 286436
528220 392747
920967 4717
925684 510
926194 1330
927524 1858
929382 799
930181 93
930274 559
930833 494
931327 863
930833 1632
932190 1158
933348 949
934297 396
934693 3905
938598 365
938963 342
887706 52778
938963 2245
478073 464850
933348 12515
945863 480
946343 1002
947345 3836
668077 283953
773798 178766
952564 195
688458 265235
561700 393055
954755 772
955527 802
956329 751
861372 96899
958271 5
705124 254315
959439 2831
962270 1443
963713 4249
967962 2537
970499 272
970771 1025
836052 137730
520897 453160
974057 402
716149 258876
675063 300596
974459 2300
976759 122
976759 863
977622 980
978602 1832
980434 290
980724 170
980894 196
981090 68
980434 1212
981646 32
981158 1025
981158 1957
983115 569
982183 1643
983826 2546
986372 321
986693 393
987086 53
987139 28
987086 606
987692 135
825998 162705
987139 1965
777082 213258
990340 1771
992111 986
993097 789
993886 730
993097 1983
995080 44
995080 608
995124 772
995896 1987
997883 1241
