1717
1 1
2 1
2 2
4 2
4 3
4 4
8 3
11 1
12 1
13 2
8 8
16 1
17 2
19 1
17 6
17 7
24 1
16 11
27 1
27 2
16 16
32 1
32 6
32 7
39 4
43 1
43 3
32 16
32 17
49 2
49 4
53 1
51 7
32 29
61 1
32 32
64 2
62 7
64 7
71 3
64 12
76 3
79 2
76 8
79 6
85 3
85 4
79 11
64 27
91 1
90 6
91 7
98 1
98 3
99 16
101 17
118 1
118 6
98 27
125 1
64 64
89 49
128 15
143 6
149 1
91 61
152 2
128 27
155 6
152 12
154 15
169 1
169 3
172 2
155 27
164 19
155 32
172 20
187 8
187 11
128 71
128 76
138 71
209 1
209 6
215 3
128 91
219 2
221 1
219 12
204 29
233 2
219 27
128 128
256 4
256 8
264 3
267 2
269 1
269 3
264 11
275 2
277 11
277 15
292 4
267 32
264 39
292 16
308 4
303 15
256 74
330 1
331 1
332 6
331 15
332 23
299 62
361 2
361 4
330 39
219 152
369 7
330 49
379 7
379 12
330 98
428 11
428 16
428 19
444 12
256 204
447 39
460 28
488 4
488 16
460 49
509 1
256 256
512 1
512 7
519 3
519 17
522 16
538 2
540 2
542 17
542 20
562 1
542 28
540 39
519 61
579 11
580 15
512 90
602 39
602 48
602 53
580 79
659 28
602 96
698 1
519 187
512 219
698 43
731 12
379 371
602 154
428 330
758 13
771 7
778 16
778 32
771 44
778 53
810 43
602 267
794 89
883 19
810 101
771 143
869 51
920 6
920 8
928 2
869 74
943 3
869 79
948 24
731 269
1000 6
1000 13
512 512
1024 15
1024 24
1039 13
1039 39
1024 79
1103 17
750 371
1039 88
1127 16
1143 2
1103 51
1154 1
1121 89
1024 219
1243 33
1276 7
771 540
1311 53
1311 81
1243 155
1398 2
1400 20
1400 32
1398 39
1432 48
1432 58
1400 101
1501 11
1103 428
1531 43
1574 19
1531 69
1400 246
1646 2
1646 43
1398 292
1646 69
1531 187
1400 330
1730 2
1730 8
1730 25
1755 25
1715 71
1786 43
1730 126
1780 81
1786 88
1718 269
1243 771
1786 233
2019 15
1024 1024
2014 39
2048 15
1531 538
2053 61
1856 272
2128 6
2128 32
2048 199
2247 15
2262 13
2247 62
2309 2
2247 92
2339 16
2339 91
2247 235
2048 460
2508 19
2508 24
2309 256
2309 292
2508 98
2508 125
2565 118
2683 7
2690 16
2633 92
2508 269
2777 25
2508 299
2508 303
2811 11
2802 46
2811 53
2864 4
2807 79
2886 25
2886 27
2913 58
2822 199
2508 519
3027 4
3021 20
3027 20
3027 39
3066 44
3066 58
3047 91
3027 138
3165 2
3165 6
3165 15
3171 43
3171 61
3165 71
3236 2
2048 1243
3236 69
3238 88
3291 62
3291 85
3291 89
3380 12
3392 23
3380 38
3418 13
3380 53
3433 29
3433 88
3521 20
3291 264
3541 19
3291 330
3555 71
3555 101
3433 233
3433 288
3666 101
3767 91
3721 143
3666 215
3626 260
3886 7
3893 11
3904 124
3893 187
2048 2048
3881 260
4096 48
4096 90
3886 318
4080 174
3521 756
4277 62
4096 277
4096 299
4395 3
4395 23
2811 1715
4395 152
4526 51
4577 16
4526 96
4577 51
4395 264
4395 318
4547 169
4716 64
2811 2019
4830 29
4859 2
4780 221
3881 1121
5002 4
5002 43
4547 522
4398 706
5069 66
5135 33
4830 361
4713 540
5253 11
5104 170
4526 756
3047 2247
5045 369
5294 174
4780 706
5486 25
5069 536
5069 538
5607 152
5069 698
5607 169
5607 174
4096 1730
5826 81
5907 43
5826 183
6009 29
5607 510
5907 267
6174 13
6187 3
6117 91
6190 53
5826 513
4096 2247
6343 85
6428 25
6339 115
6343 126
6339 198
6343 231
6574 58
3626 3027
6339 355
6694 23
6694 58
6752 11
6763 12
3433 3380
6763 152
6694 296
6813 264
6915 182
6990 169
6813 361
7174 8
7174 54
4780 2508
4096 3291
7387 43
6752 741
7387 164
7493 138
7551 84
7387 275
7662 23
7635 92
7685 118
7685 172
7803 76
7387 509
7896 138
7896 231
8034 98
4096 4096
8192 24
8127 125
8216 61
7551 758
8309 7
8192 246
8438 19
8438 66
7879 771
8457 204
8438 264
8192 602
6343 2565
8702 299
7551 1480
8794 267
5907 3418
8794 536
9330 27
6343 3047
9325 128
9390 74
9001 510
9001 641
8794 920
8794 1000
8794 1154
8794 1398
10192 51
10243 28
10271 24
10271 66
10192 152
10344 84
10344 379
10723 17
10740 33
10723 164
10723 235
10887 218
10887 512
10740 750
10740 943
10958 743
10271 1480
11683 128
11811 98
10243 1730
11683 318
9794 2247
12041 71
12041 125
10344 2014
9948 2601
12549 66
12358 439
12797 61
9794 3165
12358 659
13017 6
13017 187
13017 269
13204 218
10192 3380
13572 19
13204 512
13716 365
14081 312
13716 1155
8794 6428
12358 3027
15222 198
15385 89
15222 510
15222 758
15980 174
16154 46
15222 1155
8192 8192
16384 3
15980 513
16384 187
16571 43
16384 580
16964 331
16964 386
17350 6
16154 1364
17518 4
16964 580
16964 655
16964 771
17735 89
17735 192
17735 209
17735 312
17824 288
17544 602
17944 219
17735 731
17824 758
18466 308
16384 2508
18892 204
18892 428
19320 296
18892 794
19320 369
15222 4716
18892 1103
19995 29
20024 182
20206 32
20238 1006
21244 559
20206 2019
20238 3232
20024 3626
16384 7387
23771 346
20024 4204
23771 488
18163 6343
22225 2690
24915 2
24259 743
25002 456
25458 187
24259 1432
25691 29
25691 199
25691 210
16493 9794
26287 138
26425 2
25691 810
26501 332
25691 1311
26501 758
27002 312
27002 365
27314 447
27761 4
27367 1127
27002 1715
24259 4547
28806 233
29039 192
29039 267
23771 5826
29597 99
29597 143
29597 371
29968 540
30508 43
30508 369
29306 1648
30551 570
29968 1856
31824 39
29968 2309
32277 33
32277 296
29597 3066
32310 460
32663 221
29597 3433
33030 115
32663 948
33030 741
33771 222
33771 233
33771 355
33030 1143
34173 447
34620 292
31824 3138
34912 51
34963 20
34126 943
34912 272
35069 312
35184 758
35942 84
35184 928
32663 3626
33030 3418
36448 98
36448 504
36448 699
36448 778
34620 3541
36448 2633
36448 2807
39255 199
39255 439
34126 6574
30551 10271
39255 2128
41383 579
39255 2864
32277 9948
42225 492
42717 972
42225 2262
42225 3047
45272 16
45288 883
45272 1856
23771 23771
47542 3
47542 1400
48942 44
48942 363
49305 376
29597 20206
48942 1145
48942 2069
51011 195
48942 4418
48942 4716
30508 23650
27314 27002
54158 355
48942 6339
55281 1121
56402 308
56710 1364
55281 2802
58083 1755
58083 2886
48942 12358
61300 911
61300 1127
47542 15222
62764 1690
34963 29597
62764 2601
62764 3621
47542 18892
66434 1039
67473 687
67473 3180
70653 235
67473 4144
66434 5907
71617 948
66434 6343
72777 486
72777 2565
72777 3027
75804 3238
79042 3214
75804 8127
72565 12001
75804 9794
75804 10428
66434 19995
86429 124
75804 13572
89376 563
89376 570
89946 486
70888 20024
89376 3541
89376 3886
59838 34620
47542 47542
95084 1501
93262 7857
96585 5605
68160 36112
95084 10192
89376 16154
105530 2339
105276 2811
108087 542
105276 3555
108831 2034
108831 2864
108831 3392
105276 7896
95084 20024
115108 233
115341 270
115108 948
116056 161
116056 288
116056 1786
116056 4780
120836 29
116056 8702
124758 5781
130539 170
130539 1120
130539 1987
115108 17735
132843 5767
138610 2971
138610 3767
132843 10740
115108 29597
144705 1420
144705 2683
144705 2868
144705 5069
149774 1437
112223 40700
144705 9948
95084 62764
95084 66434
161518 331
161518 3165
164683 4028
164683 4713
169396 1120
164683 7685
164683 8309
172992 7174
161518 19320
180838 706
95084 95084
190168 902
190168 2822
190168 3138
190168 3167
193335 4254
193335 4830
198165 590
190168 10344
200512 650
200512 3021
190168 16964
207132 1732
207132 8457
215589 3124
218713 2053
197589 25645
223234 6717
223234 8132
218713 13023
207132 25691
207132 36448
243580 4373
243580 4395
247975 1780
247975 7159
247975 8438
247975 10723
258698 61
258759 3656
258759 4398
263157 2114
247975 17944
265919 13
190168 75804
265972 6813
272785 4628
272785 5001
277786 3864
265972 15980
281952 119
281952 391
281952 3666
277413 12858
285618 4659
265972 33030
299002 4204
303206 6694
309900 2311
309900 3462
299002 18466
317468 5006
299002 24259
323261 5607
328868 5191
328868 12001
340869 650
340869 3881
344750 1861
344750 5264
190168 161518
351686 7493
359179 6775
351686 15420
367106 6763
367106 7228
351686 23650
190168 190168
380336 2063
380336 3305
380336 12959
380336 14393
380336 18163
398499 5468
403967 150
403967 1874
403967 24506
428473 338
398499 30551
429050 2482
429050 2725
380336 53658
433994 562
434556 11105
434556 13422
447978 815
433994 17356
451350 5414
456764 3904
451350 10271
380336 89376
469712 756
470468 6537
470468 9390
470468 11490
481958 579
482537 1398
380336 115108
495444 869
496313 3521
499834 794
495444 5294
500738 3232
431532 85598
500628 27367
527995 4593
380336 157848
538184 2275
538184 7727
538184 11909
538184 13204
538184 26833
565017 946
565017 1648
538184 29740
567924 6117
574041 7077
565017 17518
567924 17619
585543 7430
592973 1593
592973 3353
592973 7879
592973 10958
603931 5950
603931 9001
612932 24917
567924 72565
640489 1048
538184 105276
643460 235
643460 3376
646836 2160
643460 8216
651676 3171
654847 1052
655899 595
643460 29039
643460 32663
676123 4526
676123 11683
687806 85
687806 182
687806 8277
696083 13286
676123 39255
687891 35942
715378 9330
715378 10295
676123 55281
731404 6174
737578 11701
731404 19689
643460 108087
751547 6990
380336 380336
760672 3431
760672 5776
766448 5104
760672 15732
776404 7803
784207 7097
776404 16614
793018 3041
796059 18047
814106 292
776404 42119
760672 70653
831325 831
760672 71617
832289 5294
837583 930
832289 6469
832156 13017
760672 93262
853934 4141
832289 26501
760672 108831
869503 914
870417 1738
870417 3326
870417 8034
869503 15385
869503 16493
885996 3560
889556 3031
885996 10887
760672 144705
905377 1646
907023 6208
907023 7857
914880 25458
914880 26427
914880 26501
941381 6190
941381 12549
941381 29306
970687 9031
941381 54513
995894 8252
1004146 4622
995894 18146
995894 27259
905377 138610
1043987 1392
1043987 4277
905377 143583
1048960 2913
1051873 1512
1051873 2527
1048960 8794
1057754 3893
1061647 6454
1048960 42225
1091185 2690
1093875 11751
1091185 32310
1091185 35069
905377 232823
1138200 6038
1144238 3721
1138200 20206
1158406 2134
1158406 8504
1158406 16200
1158406 21244
1179650 6243
1179650 6632
1158406 34126
1192532 9464
1158406 47128
1205534 7635
1205534 12615
905377 317468
1222845 1829
1222845 17522
1240367 1283
1241650 926
1222845 25890
1222845 27002
1249847 6653
1256500 1210
1257710 6453
1264163 11399
1256500 36952
1293452 444
1222845 86232
1309077 6813
1309077 27314
1336391 4339
1309077 60969
905377 470468
1375845 18112
1375845 33611
1375845 58083
1433928 1276
1433928 13591
1433928 14871
1433928 79042
760672 760672
1521344 1531
1522875 5486
1528361 1013
1528361 22225
1522875 33771
1522875 34912
1522875 39081
1561956 12797
1574753 4577
1561956 34620
1596576 11811
1608387 6915
1615302 2848
1522875 96585
1619460 19938
1639398 25901
1665299 5511
1619460 62427
1681887 6752
1688639 9511
1688639 17295
1705934 1480
1681887 26425
1522875 200512
1723387 5104
1728491 17927
1728491 19096
1723387 47545
1770932 3415
1521344 265972
1787316 3236
1790552 9061
1799613 2355
1790552 12041
1802593 9642
1812235 6187
1812235 20238
1802593 58074
1521344 351686
1873030 7551
1880581 1490
1882071 11973
1880581 34173
1914754 12858
1914754 26287
1873030 72777
1945807 17350
1945807 67473
2013280 13017
2026297 7631
2026297 24915
2026297 28717
2055014 4080
2055014 6574
2055014 7288
2062302 5045
2026297 53360
1945807 164683
2110490 2532
2113022 32884
2145906 1078
1945807 207132
2152939 2777
2155716 31863
2155716 41962
2155716 56710
2152939 61300
2214239 1718
2215957 5002
2220959 9325
2220959 19616
2240575 2706
2220959 27761
2248720 1600
2214239 37226
2251465 14081
2265546 15
2152939 113172
2266111 16377
2266111 17824
2283935 50087
2334022 23470
2283935 92917
2376852 18774
2376852 40700
2417552 12112
2376852 62211
2283935 169396
2453331 1689
2453331 24228
2266111 243580
2509691 3110
2509691 13716
2509691 32277
2541968 42717
2584685 18582
2541968 66385
2608353 4859
2608353 32770
2152939 495444
2648383 17544
2665927 16387
2648383 51206
2648383 56402
2704785 12166
2704785 44487
2749272 8316
2757588 1574
2759162 8661
2757588 36112
2648383 154653
2803036 149
2803036 9714
2648383 180838
2829221 40822
2870043 64560
2829221 132526
2829221 132843
2962064 43689
3005753 7182
3005753 68160
3005753 152923
2829221 375336
3204557 65365
3269922 5907
3275829 5135
3280964 21803
3302767 30877
3204557 247953
3204557 247975
3452532 28806
3481338 4186
3485524 35184
2608353 914880
3520708 59838
3580546 29696
3610242 3858
3610242 33993
3610242 46171
3204557 496313
3700870 36546
3737416 48986
3786402 49681
3737416 101119
3838535 8650
3700870 172992
3873862 853
3700870 181544
1945807 1945807
3891614 15474
3891614 19995
3911609 8794
3920403 5168
3925571 19686
3920403 45288
3920403 48942
3969345 39454
4008799 10773
3969345 73263
4042608 115611
3969345 215589
4184934 10243
4195177 37147
4232324 2430
4232324 33145
4232324 41383
4273707 5759
4273707 31824
3969345 340869
4310214 8908
4310214 45272
4355486 5282
4355486 34963
4310214 116056
4426270 2606
4428876 89946
4518822 30954
4549776 5274
4428876 142377
4571253 25002
3969345 654847
4624192 25645
4649837 36289
4649837 54316
4624192 263157
4624192 272785
3969345 1048960
5018305 2911
3969345 1138200
5107545 116344
5107545 149774
5257319 36026
5293345 10337
5293345 90912
5257319 172368
3969345 1723387
3920403 1787316
5707719 25720
5707719 75342
5783061 94458
5783061 110865
5783061 192990
5976051 9453
5976051 49305
6025356 9357
6025356 34983
5783061 431532
5707719 538184
6245903 256413
6502316 374334
6245903 2152939
8398842 2648383
11047225 643460
11690685 3969345
15660030 2266111
17926141 905377
18831518 2829221
21660739 869503
22530242 751547
23281789 469712
23751501 299002
24050503 7662
24058165 1522875
25581040 3204557
28785597 5692732
34478329 2110490
36588819 2509691
39098510 3700870
42799380 676123
43475503 323261
43798764 499834
44298598 281952
44580550 2962064
47542614 1375845
48918459 2214239
51132698 1222845
52355543 3452532
55808075 3481338
59289413 265919
59555332 731404
60286736 2013280
62300016 3452510
65752526 1619460
67371986 258698
67630684 2803036
70433720 1681887
72115607 1880581
73996188 29968
74026156 5107545
79133701 5018305
84152006 2541968
86693974 1091185
87785159 16571
87801730 2283935
90085665 3882414
93968079 2155716
96123795 715378
96839173 567924
97407097 5257319
102664416 6502316
109166732 3873862
113040594 1561956
114602550 1309077
115911627 751093
116662720 672499
117335219 687806
118023025 5783061
123806086 853934
124660020 1043987
125704007 1057754
126761761 285618
127047379 832289
127879668 481958
128361626 328868
128690494 30508
128721002 651676
129372678 161849
129534527 4624192
134158719 5429687
139588406 1433928
141022334 482537
141504871 258759
141763630 1061647
142825277 831325
143656602 4310214
147966816 2026297
149993113 907023
150900136 1048264
151948400 4896977
156845377 180166
157025543 4184934
161210477 885996
162096473 344750
162441223 85598
162526821 1914754
164441575 696083
165137658 1596576
166734234 776404
167510638 102190
167612828 367106
167979934 4426270
172406204 6009
172412213 687988
173100201 4355486
177455687 433994
177889681 193335
178083016 646836
178729852 303206
179033058 4195177
183228235 1370046
184598281 398499
184996780 86429
185083209 2079657
187162866 429050
187591916 1557787
189149703 2251465
191401168 1790552
193191720 4428876
197620596 2704785
200325381 914880
201240261 431775
201672036 1158406
202830442 1249847
204080289 884888
204965177 1256500
206221677 218713
206440390 1205534
207645924 2749272
210395196 2453331
212848527 70888
212919415 112223
213031638 640489
213672127 1574753
215246880 51011
215297891 818523
216116414 265932
216382346 2215957
218598303 1639398
220237701 124758
220362459 1802593
222165052 24117
222189169 4571253
226760422 16154
226776576 585543
227362119 838758
228200877 2699589
230900466 231736
231132202 2376852
233509054 54158
233563212 941381
234504593 3907088
238411681 4232324
242644005 1963157
244607162 1293452
245900614 2812750
248713364 108629
248821993 83931
248905924 4596255
253502179 500628
254002807 3965691
257968498 1051873
259020371 1882071
260902442 1556646
262459088 3485524
265944612 565017
266509629 995894
267505523 193306
267698829 1045379
268744208 2055014
270799222 3520708
274319930 6214593
280534523 2608353
283142876 3269922
286412798 592973
287005771 2584685
289590456 451350
290041806 1941041
291982847 870417
292853264 5976051
298829315 970687
299800002 527995
300327997 120836
300448833 2062302
302511135 574041
303085176 2665927
305751103 3580546
309331649 793018
310124667 31121
310155788 1708312
311864100 4390449
316254549 147573
316402122 551388
316953510 603931
317557441 2212426
319769867 837583
320607450 1770932
322378382 2220959
324599341 105530
324704871 117842
324822713 2334022
327156735 3610242
330766977 1336391
332103368 434556
332537924 680649
333218573 2439063
335657636 107869
335765505 784207
336549712 2757588
339307300 2793700
342101000 612932
342713932 953930
343667862 2803185
346471047 1512970
347984017 4273707
352257724 941307
353199031 4518822
357717853 1665299
359383152 2248720
361631872 1293896
362925768 6025356
368951124 6876650
375827774 86553
375914327 1192532
377106859 203533
377310392 309900
377620292 566665
378186957 4549776
382736733 447978
383184711 1860667
385045378 1126254
386171632 2197678
388369310 1812235
390181545 3656413
393837958 1579330
395417288 940338
396357626 1528361
397885987 147388
398033375 2061588
400094963 832156
400927119 1894044
402821163 90432
402911595 1688639
404600234 2240575
406840809 403967
407244776 4887349
412132125 643695
412775820 1123495
413899315 373869
414273184 17518
414290702 1705934
415996636 758537
416755173 483935
417239108 82256
417321364 35942
417357306 1550586
418907892 428473
419336365 64454
419400819 3005753
422406572 2523407
424929979 3275829
428205808 4305531
432511339 1093875
433605214 600852
434206066 4265469
438471535 359179
438830714 1529374
440360088 130539
440490627 4360768
444851395 4042608
448894003 2113022
451007025 120865
451127890 115341
451243231 1248735
452491966 3737416
456229382 170516
456399898 5293345
461693243 565963
462259206 461621
462720827 737578
463458405 2187579
465645984 878451
466524435 5253
466529688 39694
466569382 1707414
468276796 766448
469043244 2145906
471189150 1728491
472917641 2417552
475335193 2250320
477585513 151211
477736724 479858
478216582 1774347
479990929 725673
480716602 4319122
485035724 2477559
487513283 858790
488372073 1023153
489395226 896883
490292109 1068101
491360210 1670810
493031020 1448799
494479819 29231
494509050 1144238
495653288 1218149
496871437 2961747
499833184 1054400
500887584 858075
501745659 771552
502517211 341519
502858730 313362
503172092 1014040
504186132 405841
504591973 2067347
506659320 282343
506941663 3280964
510222627 38161
510260788 2395626
512656414 146125
512802539 2641123
515443662 477005
515920667 517130
516437797 596326
517034123 72341
517106464 3158676
520265140 724708
520989848 2146984
523136832 5384257
528521089 2051212
530572301 456764
531029065 2265546
533294611 873743
534168354 220766
534389120 198165
534587285 3073913
537661198 4649837
542311035 312211
542623246 1832473
544455719 1179650
545635369 404117
546039486 1608387
547647873 89939
547737812 394729
548132541 1201996
549334537 34004
549368541 201162
549569703 255134
549824837 34962
549859799 3302767
553162566 4008799
557171365 2059094
559230459 277786
559508245 49803
559558048 11909
559569957 350014
559919971 1615302
561535273 655899
562191172 5223889
567415061 500738
567915799 1186282
569102081 131659
569233740 460668
569694408 6060339
575754747 4704153
580458900 2759162
583218062 1174606
584392668 3838535
588231203 1166910
589398113 5021216
594419329 2767823
597187152 2870043
600057195 687891
600745086 290277
601035363 168711
601204074 5893926
607098000 1409456
608507456 262415
608769871 265271
609035142 198755
609233897 648996
609882893 393295
610276188 2230284
612506472 889556
613396028 1240367
614636395 1053385
615689780 1105626
616795406 4686126
621481532 2603267
624084799 2265561
626350360 1927612
628277972 35381
628313353 3786402
632099755 1618150
633717905 428811
634146716 383641
634530357 609881
635140238 1315890
636456128 3012935
639469063 3644235
643113298 4158219
647271517 979718
648251235 130709
648381944 282071
648664015 445661
649109676 334059
649443735 1213169
650656904 5303682
655960586 709369
656669955 2512801
659182756 503970
659686726 872155
660558881 594566
661153447 197589
661351036 223234
661574270 1818422
663392692 2682314
666075006 2613212
668688218 1447519
670135737 1393957
671529694 104272
671633966 1799613
673433579 1004146
674437725 1147959
675585684 208864
675794548 550093
676344641 1435204
677779845 249755
678029600 947571
678977171 764103
679741274 1801968
681543242 3925571
685468813 277413
685746226 3523233
689269459 3945257
693214716 28494
693243210 1241650
694484860 32573
694517433 845173
695362606 3847185
699209791 290271
699500062 346611
699846673 1257710
701104383 4279466
705383849 796059
706179908 3874715
710054623 791304
710845927 1698150
712544077 913231
713457308 1160540
714617848 1340730
715958578 545911
716504489 814106
717318595 814398
718132993 540459
718673452 1264163
719937615 1008768
720946383 1747587
722693970 3836083
726530053 4019572
730549625 4555050
735104675 2716951
737821626 4861
737826487 581118
738407605 2934603
741342208 838513
742180721 231366
742412087 281650
742693737 2243281
744937018 5877519
750814537 84566
750899103 2429664
753328767 229951
753558718 5985504
759544222 111695
759655917 749279
760405196 322474
760727670 141581
760869251 4234754
765104005 382399
765486404 2455020
767941424 892587
768834011 1185893
770019904 532588
770552492 2357492
772909984 1275562
774185546 365954
774551500 448793
775000293 5733439
780733732 1224674
781958406 3614100
785572506 1746418
787318924 116217
787435141 2282488
789717629 656494
790374123 637849
791011972 3333644
794345616 191070
794536686 641537
795178223 582535
795760758 723833
796484591 2033928
798518519 6034713
804553232 27765
804580997 1242576
