106
1 1
2 1
3 2
3 3
6 1
6 5
6 6
12 1
13 2
13 3
16 1
17 1
12 11
23 1
23 2
25 1
23 5
28 1
29 5
34 3
28 17
23 23
46 2
46 6
52 16
46 28
74 15
74 16
46 46
92 3
95 2
97 2
74 74
148 1
148 17
92 74
166 3
169 1
169 13
182 2
184 3
187 17
184 89
166 165
182 169
184 184
368 3
368 16
368 34
368 52
368 95
463 16
479 16
479 24
479 25
504 18
522 90
495 165
504 165
669 45
714 48
762 29
791 37
669 166
835 25
860 16
876 23
899 170
1069 463
1069 503
1572 148
1572 495
2067 26
2067 522
2589 331
2589 351
2940 187
2940 371
2940 660
3600 149
3600 402
4002 2093
3600 3600
7200 2920
10120 204
10120 1720
11840 3127
11840 4002
15842 68
15910 384
16294 7
15842 503
16345 612
16957 273
17230 828
18058 99
18058 1532
19590 18157
19590 19590
39180 37747
76927 3311
80238 14967
95205 95205
190410 10324
200734 6095
206829 3749
