2034
1 1
2 1
2 2
4 1
5 1
4 4
8 1
9 1
8 4
8 5
13 2
8 8
16 1
16 4
16 6
22 1
23 1
23 5
28 1
22 8
23 8
16 16
32 1
33 2
32 6
38 3
33 12
32 16
48 3
48 4
52 1
52 4
56 1
57 1
52 8
60 1
60 2
32 32
64 1
64 2
66 1
67 3
70 1
64 8
72 3
72 4
72 5
57 22
64 16
80 1
80 8
80 9
89 2
91 1
91 4
64 38
102 2
102 12
114 1
91 30
64 64
128 3
131 3
131 4
135 4
139 4
135 12
147 1
128 23
151 1
151 8
159 2
102 60
162 1
162 8
162 15
162 16
102 79
181 1
181 3
184 2
184 3
187 2
189 2
178 22
128 80
208 2
208 3
208 5
213 3
216 2
208 13
221 2
223 2
221 8
229 1
200 32
232 5
232 12
244 1
244 3
247 6
253 1
128 128
256 5
256 10
266 2
256 13
269 1
266 6
272 1
269 12
269 22
291 8
299 2
269 57
326 20
291 60
351 6
351 28
379 6
379 10
389 9
398 8
389 23
412 5
291 128
419 3
291 162
422 38
460 1
453 10
463 2
419 48
419 56
453 33
486 2
281 213
494 1
475 32
507 4
256 256
512 2
514 9
523 5
528 2
514 30
523 32
555 1
556 9
544 30
574 1
291 291
582 4
512 79
591 29
620 4
624 17
620 23
643 9
591 66
657 9
657 28
657 30
514 181
695 12
512 200
712 3
591 128
719 1
695 71
720 53
512 266
778 2
719 66
785 2
778 16
778 23
794 23
817 8
825 12
817 24
841 12
841 16
712 151
863 4
867 23
523 379
890 31
890 38
512 419
931 3
934 2
936 6
507 453
960 3
960 5
965 2
967 10
965 17
960 24
982 13
960 53
1013 2
931 89
1020 3
512 512
857 181
1038 6
1038 9
1024 48
1024 52
1076 10
1076 20
1076 22
1047 72
1098 28
1119 10
1076 56
1132 3
1135 15
1132 31
1163 3
1166 9
1163 17
1135 53
931 266
1197 1
1197 6
1076 162
1188 64
1238 20
1163 102
1265 6
1265 17
1024 269
1293 4
1297 8
1024 291
1315 22
1315 24
1339 13
1339 20
1315 62
1315 77
1392 6
1398 1
1399 6
1399 10
1399 17
1315 102
1417 5
1417 20
1422 20
1417 30
1417 60
1477 24
1405 115
1447 114
1561 12
1477 114
1447 184
1631 12
1591 65
1591 76
1631 79
1477 261
1477 266
1743 2
1743 23
1766 5
1631 161
1792 6
1766 53
1743 80
1792 45
1823 28
1823 33
1856 1
1857 15
1743 139
1738 151
1882 41
1857 79
1447 494
1936 16
1743 221
1964 1
1965 3
1968 5
1973 3
1968 16
1965 67
1238 801
2039 2
2039 3
1024 1024
2048 3
2051 5
2039 20
2051 22
2048 28
2076 8
2084 1
2085 29
2076 62
2085 72
2157 17
2048 131
2179 6
2179 17
1941 256
2179 23
2179 52
2231 20
2202 66
2048 269
2317 9
2317 24
2268 92
2317 48
2365 2
2367 12
2367 17
2384 5
2367 24
2384 13
2397 3
2367 35
2365 65
2367 65
2430 28
2432 30
2432 48
2480 6
2367 135
2486 58
2502 45
2547 3
2547 4
2551 13
2551 20
2571 20
2571 35
2551 64
2615 10
2625 8
2633 5
2638 15
2653 4
2625 62
2564 147
2711 60
2547 237
2784 24
2367 453
2048 778
2826 2
2828 2
2830 53
2615 272
2887 5
2828 80
2480 453
2933 6
2933 17
2950 12
2950 56
2962 57
3019 48
3019 57
2908 191
2939 162
2939 181
3120 12
3132 17
3132 64
3099 115
2887 346
3233 17
2933 326
3259 9
3233 66
2820 488
3308 5
3308 8
2551 766
3317 28
2826 523
3349 2
3349 8
3349 22
3351 31
3382 2
2365 1020
3385 2
3385 3
3385 4
3317 79
3396 3
3396 20
3416 2
3416 4
3420 12
3396 38
3385 57
3434 15
3442 20
3462 10
3349 135
3484 24
3484 60
3544 9
3462 121
3553 41
3385 213
2365 1238
2317 1315
3632 31
3603 79
3632 52
3632 56
3663 31
3694 1
3694 8
3694 32
3726 1
3727 1
3694 51
3745 2
3747 4
3726 29
3755 5
3760 20
3726 72
3780 29
3798 15
3726 95
3821 6
3821 13
3834 5
3839 6
3821 72
3834 70
3904 17
3921 70
3893 102
3995 1
3996 31
3996 57
4053 22
2048 2048
4096 1
4097 5
4096 8
4097 10
3694 419
4113 9
4113 16
4129 28
4113 72
4107 92
4113 115
3893 346
4239 10
4228 33
4097 170
4096 187
4283 4
4287 51
4107 244
4351 10
4361 6
4096 272
4368 72
4440 5
4368 91
4459 1
4440 24
4460 23
4440 91
4445 104
4549 9
4096 475
4571 5
4576 6
4576 15
4576 41
4571 48
4619 13
4576 62
4571 92
4663 6
4619 53
4619 70
4689 6
4689 13
4228 475
4703 5
4703 13
4703 17
4716 30
4619 161
4780 12
4638 191
4619 237
4856 3
4856 23
4879 41
4571 351
4922 17
4922 28
4879 79
4958 35
4689 389
4859 256
4097 1047
4958 213
5171 4
4922 266
5171 80
3233 2039
4440 841
5272 51
4571 778
5349 22
5349 28
5377 16
5393 76
5371 102
5371 104
5475 17
3462 2039
5475 66
5501 52
5349 221
4096 1477
5573 4
5573 29
5349 270
5577 67
5619 28
5647 17
4368 1315
5573 121
5694 8
5694 28
5573 184
5722 56
5722 89
5757 58
5570 270
5815 91
5815 134
5949 2
5683 269
5952 9
5952 22
5757 273
6030 2
6030 20
6050 41
6091 5
6091 35
6030 102
5573 591
6164 10
6174 4
6164 24
6174 35
6209 9
6132 91
6223 4
6227 89
6050 291
6227 128
6341 32
6132 268
4096 2317
6413 1
6373 67
6440 15
6413 57
6470 57
6527 12
6400 182
6470 128
6470 163
6633 10
6633 12
6470 211
6681 2
6681 38
6455 346
6341 467
6030 794
6030 817
6847 5
6847 53
6900 1
6164 766
6930 3
6470 494
6930 121
7051 29
6930 163
7093 24
6413 712
6413 719
7125 66
7191 8
7125 80
7205 3
7205 29
7191 51
7242 2
7205 60
7125 148
6824 475
7273 66
7191 211
7339 79
6847 586
4576 2887
7463 3
7463 22
6413 1132
7545 13
7545 52
7545 115
7545 159
7704 15
7719 24
7704 76
7719 91
7704 139
7719 131
7843 33
7719 178
7897 1
7843 161
7843 200
8043 15
8058 13
7704 379
8083 22
8083 67
8150 8
8150 20
8170 45
8215 15
8170 64
8083 161
8150 104
8254 35
8158 213
8254 184
8254 269
8523 17
6373 2179
8552 53
8083 544
8083 555
8638 79
8523 244
8638 148
8786 28
8638 182
8638 191
8829 24
8853 57
8853 135
8829 218
8638 417
8638 486
9124 5
8170 965
7704 1447
9151 13
9135 52
9151 41
9151 62
9151 148
8552 982
9534 16
9135 417
9055 523
9578 4
9578 45
9578 51
9629 2
9578 114
9629 76
8158 1656
9552 299
9851 15
7545 2326
7704 2179
9883 20
9883 70
9953 48
9814 229
6413 3632
10045 58
9903 254
9953 237
10103 131
10234 60
9903 406
10309 3
10103 213
10103 223
10103 229
10332 12
10332 62
10326 79
10394 35
10332 131
9213 1265
10332 189
10478 62
10429 135
10521 92
10540 92
10564 91
10521 186
7125 3694
10103 719
10822 17
10839 12
10839 23
10045 863
9213 1738
10851 184
7463 3755
10463 794
10521 778
11299 1
9135 2251
9055 2402
10908 586
11494 33
11457 81
11538 30
11457 131
9903 1745
10908 766
11674 15
11674 71
10908 863
7339 4576
11915 9
11915 80
11915 95
12010 3
11995 64
9213 2887
10429 1745
12100 114
10332 1941
8170 4107
12100 186
10908 1398
12306 12
12306 92
12398 8
10045 2365
12406 31
12410 33
12443 3
12443 30
11218 1265
12483 4
12443 70
7704 4922
12626 51
11299 1447
12746 15
12761 57
12626 273
12899 6
12443 494
12761 187
12937 66
11299 1743
12937 191
12761 417
12100 1135
12443 794
13237 4
12306 1013
13235 147
13382 65
13447 17
12746 785
11218 2317
13237 346
13583 8
13237 512
12410 1417
13827 20
13827 91
10332 3632
12937 1150
13827 281
14108 48
14108 57
14165 4
14165 17
14165 24
14108 88
14196 5
13319 982
14196 148
14108 268
14196 261
12306 2197
14376 200
14165 507
14576 134
14503 216
14719 16
14196 582
14376 488
13964 982
14864 89
14864 210
14864 223
14108 1023
15131 32
15131 187
15318 187
15505 20
15163 417
14376 1238
15580 170
10908 4856
15163 620
15783 104
15887 45
15580 412
14108 1964
13583 2544
16072 76
16072 79
16072 208
16127 189
16280 80
12761 3702
16072 486
16148 417
16565 6
16558 35
13827 2820
16647 4
16072 582
16654 30
16684 3
16654 65
16684 71
16654 244
16719 200
14108 2826
16934 10
12306 4703
17009 4
16919 184
17103 22
17009 163
17172 32
15087 2251
17338 9
17347 33
16934 495
16755 785
17338 229
17380 229
17567 76
17347 346
16934 841
17172 643
17567 291
17815 95
17858 253
16558 1561
16151 2084
10103 8150
18253 5
16934 1392
18326 24
15505 2950
18350 115
18350 134
18484 24
18508 5
18484 48
18513 135
18508 161
18532 191
18532 269
18532 281
12100 6824
12306 6633
18350 707
19057 45
17858 1352
18939 301
19102 216
19210 152
16934 2502
19436 24
15783 3726
19436 77
19102 565
17338 2547
19460 687
18801 1417
19436 801
20237 182
20237 186
14108 6470
20578 16
20578 29
20607 95
18924 1792
20716 29
20716 48
20764 23
19513 1409
20607 398
20594 495
21005 92
19513 1591
20702 624
21089 256
13827 7545
21372 62
21372 301
21673 5
21372 389
21678 186
21761 128
21761 143
21761 299
21761 417
12410 9953
22178 268
21326 1437
20423 2360
21372 1422
21673 1180
21673 1399
16565 6582
23147 89
23236 143
20607 2933
23540 3
21904 1745
16719 7402
16755 7418
24121 121
21372 3371
22794 2076
21372 3663
25035 624
18465 7205
25659 29
25659 48
25659 270
13827 12443
21673 4703
26376 115
24870 1882
25659 1305
25670 1398
27068 92
26270 960
26270 1076
26964 556
27346 232
22178 5702
26752 1422
20578 7704
15131 13237
20419 8244
28368 453
28821 51
27346 2367
27578 2202
27578 2231
29809 67
29876 10
27578 2615
29713 1132
19436 11674
15764 15764
31110 641
27346 4440
31528 523
27230 5469
27346 5573
32919 104
32919 208
33127 20
32919 247
33166 76
33147 182
29809 3996
28282 5694
33127 931
34058 657
34715 3
34058 984
35042 643
35042 965
36007 17
34058 2384
34058 2547
36605 191
33166 4445
34058 3603
37661 178
37839 422
36605 2268
38261 1038
35042 4531
37839 3385
41224 253
37839 4239
38261 5377
38261 6050
44311 77
41477 3099
41477 3682
44311 1399
41224 5349
46573 2039
48612 1416
32699 17540
48612 2138
50750 2114
41224 21372
62596 787
62596 2268
62596 7125
63383 9883
69721 4129
69721 4571
74292 13535
74292 14108
88400 20578
108978 10908
119886 1743
121629 46573
168202 16934
185136 16072
201208 3598
204806 1293
206099 507
206606 1163
207769 10103
217872 6164
224036 1738
225774 181
225955 2367
228322 2820
231142 7704
238846 4368
243214 1023
244237 5757
249994 1197
251191 27230
278421 6030
284451 13237
297688 31786
329474 16654
346128 6964
353092 6681
359773 2179
361952 5815
367767 326
368093 19436
361952 37661
399613 27578
427191 170
427361 66
427427 4922
432349 9151
441500 25035
466535 8083
474618 4283
478901 36605
515506 3694
519200 170
519370 2432
521802 5906
527708 2551
530259 14376
544635 2480
547115 22794
569909 16898
586807 6050
592857 5694
598551 33147
631698 114
527708 119886
647594 10822
658416 817
659233 6847
666080 4619
670699 13583
684282 6824
691106 18326
709432 1377
710809 4576
715385 4113
719498 6341
725839 6132
731971 467
732438 3726
736164 21761
757925 20237
778162 3688
586807 207769
794576 4856
799432 16151
815583 17775
833358 3821
837179 147
837326 1941
839267 514
839781 30193
869974 3349
799432 74292
873724 10332
884056 695
884751 247
884998 5281
890279 657
890936 6633
897569 12306
909875 2384
912259 4228
916487 5570
922057 8638
930695 6373
937068 1013
938081 1339
939420 16148
955568 902
956470 13918
970388 2887
973275 785
974060 29809
1003869 9
1003878 8627
1012505 35042
1047547 4879
1052426 10521
1062947 17429
1080376 857
1081233 29780
1111013 1265
1112278 2197
1114475 9883
890279 243214
1133493 3442
1136935 4531
1141466 1422
1142888 528
1143416 4097
1147513 8552
1156065 15131
1171196 7463
1178659 7466
1186125 3484
1189609 22060
1211669 8150
1219819 3508
1223327 1889
1225216 5377
1230593 7273
1237866 18350
1256216 16684
1272900 1399
1274299 19057
1293356 9192
1302548 2933
1305481 15163
1320644 20607
1341251 4780
1346031 2564
1348595 1442
1350037 15783
1365820 1631
1367451 38261
1405712 9213
1414925 19513
1434438 1591
1436029 18253
1454282 33023
1487305 5683
1492988 9124
1502112 4689
1506801 5722
1512523 16755
1492988 41224
1534212 89
1534301 16647
1550948 1135
1552083 7191
1559274 3462
1562736 412
1563148 12398
1575546 14864
1590410 11674
1602084 48612
1650696 12100
1662796 16558
1679354 21005
1700359 1823
1702182 25659
1727841 4267
1732108 3893
1736001 6174
1742175 15087
1757262 8170
1765432 24870
1790302 4107
1794409 463
1794872 7339
1802211 4261
1806472 64864
1871336 3798
1875134 4445
1879579 12626
1892205 7418
1899623 33329
1932952 10326
1943278 4239
1947517 11494
1959011 33166
1992177 1745
1993922 5371
1999293 5501
2004794 36007
2040801 4703
2045504 2828
2048332 25929
2074261 6930
2081191 2326
2083517 50750
2134267 6808
2141075 5952
2147027 16280
2163307 39299
2202606 3755
2206361 1965
2208326 37611
2245937 3995
2249932 5188
2255120 1047
2256167 4464
1341251 937068
2278319 4351
2282670 3727
2286397 16719
2303116 13235
2316351 3233
2319584 225
2319809 9135
2328944 18939
2347883 14196
2362079 12513
2374592 11218
1305481 1081233
2386714 20702
2407416 8829
2134267 284451
2418718 2059
2420777 2908
1512523 912259
2424782 3317
2428099 12446
2440545 11299
2451844 3259
2255120 204806
2459926 982
2460908 7843
2468751 13591
1727841 757925
2485766 2251
2488017 5577
2493594 3760
2497354 2939
2500293 511
2500804 9903
2510707 28368
2539075 417
2539492 5272
2544764 18484
2563248 63383
2626631 3396
2630027 3544
2633571 5144
2638715 12937
2651652 7132
2658784 13749
2672533 22178
2694711 16593
2711304 3780
2715084 1766
2716850 11915
2728765 12483
2741248 1258
2742506 6683
2749189 14503
2763692 10478
2774170 2711
2776881 12286
2789167 4638
2793805 17338
2811143 3583
2814726 3357
2818083 4549
2822632 16651
2839283 15764
2855047 7433
2862480 4958
2867438 4920
2872358 17567
2889925 2486
2892411 4720
2897131 9953
2897131 37839
2934970 17347
2952317 3434
2955751 21904
2977655 1119
2978774 3371
2982145 16565
2998710 7402
3006112 12318
3018430 2084
3020514 15074
3035588 11648
3047236 15614
3062850 3308
3066158 36796
3102954 6223
3109177 4859
3114036 15580
3129616 6400
2776881 367767
3144648 24173
3168821 3834
3172655 152
3172807 13964
3186771 5078
3191849 104
3191953 6091
3198044 1792
3199836 1856
3201692 4185
3205877 6227
3212104 2544
3214648 12746
3227394 8158
3235552 24121
3259673 2032
3261705 3120
3264825 6598
3271423 1282
3272705 1857
3274562 2430
3276992 21673
3298665 5949
3304614 2341
3306955 15318
3322273 14344
3336617 10394
3347011 18258
3365269 18924
3384193 2042
3386235 12406
3398641 17009
3415650 3416
3419066 36442
3455508 28821
3484329 21326
3505655 3101
3508756 13319
3522075 9187
3531262 10429
3541691 10951
3552642 41477
3594119 5840
3599959 1072
3601031 14301
3615332 8254
3623586 87827
3711413 29876
3741289 2085
3743374 4199
3747573 29713
3777286 2051
3779337 23540
2074261 1732108
3599959 207769
3807728 963
3808691 5702
3814393 44576
1993922 1871336
3865258 18532
3883790 14165
3897955 13042
3910997 8523
3919520 16687
3936207 1359
3937566 2360
3939926 10463
3950389 13531
3963920 4716
3968636 825
3969461 5171
3974632 19509
3994141 9534
4003675 12677
4016352 3745
4020097 2784
4022881 8244
4031125 2550
4033675 4361
4038036 10234
4048270 35685
4083955 21104
4105059 5475
4110534 1437
4111971 5951
4117922 216
4118138 15
2897131 1225216
4122347 5251
4127598 1882
4129480 30845
4160325 3389
4163714 7660
4171374 9055
4180429 8540
4188969 687
4189656 2625
4192281 867
4193148 19885
4213033 9871
4222904 6582
4189656 41224
4230880 17380
2256167 1993922
4250089 24743
4274832 6126
4280958 23147
4304105 3351
4307456 3299
4310755 6900
4317655 3813
4321468 10839
4332307 18235
4350542 10707
4361249 218
4361467 2892
4364359 12761
4377120 2633
4379753 2462
4382215 5974
4379753 9055
4388808 2402
4391210 21678
4412888 3996
4416884 3420
4420304 21889
4442193 18465
4460658 19102
4479760 17172
4496932 4027
4500959 1098
4502057 5811
4507868 6933
4514801 14778
4529579 8289
4537868 5778
4543646 1656
4545302 2950
4317655 243214
2488017 2074261
4537868 28821
2855047 1732108
4587155 15887
4603042 14719
4617761 2397
4620158 31110
4651268 357
4651625 7205
4658830 1297
4660127 26752
4686879 1710
4688589 26376
4714965 652
4715617 3728
4715617 6126
4721743 9552
4731295 6847
4738142 890
4739032 4672
4743704 31751
4775455 3702
4779157 11771
4790928 230
4791158 23649
3322273 1492988
4815261 1936
4817197 5619
4822816 406
4823222 12277
4835499 5175
4840674 1409
4842083 24
2539075 2303116
4842191 5473
4842107 9124
4851231 15750
4866981 15505
4882486 5492
4887978 39573
4927551 1015
4928566 31528
4960094 3904
4963998 4617
4968615 7719
4976334 245
4976579 4663
4981242 9851
4991093 6440
4997533 6032
5003565 1188
4997533 7719
5005252 13382
5018634 3388
5022022 10564
5032586 5115
5037701 42078
5079779 10540
5090319 29886
5120205 8043
5128248 3747
5131995 5553
5137548 12473
5150021 2638
5152659 6414
5159073 2196
5161269 12174
2716850 2468751
5185601 10316
5195917 25670
5221587 6645
5228232 1851
5230083 2771
5232854 7597
5240451 8234
5248685 8004
5256689 17815
5274504 6209
5280713 5647
5286360 8438
5294798 2653
5297451 2041
5299492 66
5299558 1188
5300746 44311
5345057 4053
5349110 10862
5359972 6355
5366327 3921
5370248 9299
5379547 2808
4118138 1272900
5391038 16127
5407165 3250
5410415 7810
5418225 8717
5426942 23072
5450014 3387
5453401 12899
3304614 2163307
5467921 10309
5478230 9578
5487808 6218
5494026 14953
5508979 14576
5523555 8820
5004753 530259
5535012 13003
5548015 2571
5550586 7093
5557679 33242
5590921 20594
5611515 9814
5621329 9629
5630958 8786
3508756 2147027
5294798 367767
5662565 21434
5683999 2400
5686399 7299
5693698 2830
5696528 1044
3298665 2420777
5719442 4993
5724435 837
5725272 4856
4500959 1230593
5731552 10190
5741742 385
5742127 3839
5745966 1837
5747803 2157
5749960 7265
5757225 1150
5758375 1271
5759646 2606
5762252 1129
5763381 1710
5765091 3695
5768786 1352
5770138 574
5770712 8853
5779565 26491
5806056 6643
5812699 20716
5833415 4746
5838161 5541
5843702 4459
5848161 11457
5859618 20764
5880382 18508
5898890 17609
5916499 14457
5930956 10655
5941611 921
5942532 4104
5946636 22446
5969082 8215
5977297 12273
5989570 3684
5993254 3827
5997081 20423
6017504 3268
6020772 21097
6041869 11257
6053126 14946
6068072 18813
6086885 14201
6101086 6188
6107274 5393
6112667 16919
6129586 15992
6145578 20419
6165997 1305
6167302 934
6168236 7485
6175721 1096
6176817 4102
6180919 3991
6184910 9164
6194074 7051
6201125 17204
5508979 710809
6219788 14087
3336617 2907084
6243701 17693
6261394 780
6262174 11300
6273474 1203
6262174 17815
6279989 3382
6283371 2073
6285444 5664
6291108 10819
6291108 12286
6291108 20607
6311715 1968
6313683 1872
6315555 28663
6344218 12010
6356228 1819
6358047 1561
6359608 18455
6378063 556
6184910 201208
5683999 725839
6409838 666
6410504 13178
6423682 43638
6467320 4287
3968636 2510707
6479343 33805
6513148 3316
6516464 2056
6518520 19240
6537760 20922
6558682 8988
6567670 28282
5426942 1171196
6598138 22363
6620501 1798
6622299 33976
6656275 12214
6668489 18801
6687290 254
6687544 11527
6699071 20745
6313683 427361
6741044 73850
6814894 6527
6821421 3418
6824839 3132
6827971 5961
6833932 2174
6836106 1973
6838079 1501
6839580 4249
6843829 16360
6860189 27880
6888069 1180
6889249 12948
6902197 5602
6907799 10001
6917800 4367
6922167 4669
6926836 9129
6935965 7876
6943841 967
6944808 17540
6962348 10157
6972505 23236
6995741 23379
7019120 11995
7019120 12443
7031563 3996
7035559 11386
7046945 81
7047026 12013
7059039 7850
7066889 575
5747803 1320644
7068447 4829
7068447 8043
4842083 2245937
7088020 27068
7115088 52864
7167952 9623
7177575 5757
7183332 2962
7186294 7743
7194037 6719
7200756 3449
7204205 15932
7220137 21864
7242001 11924
7031563 228322
7259885 20218
7280103 4157
7284260 1405
7285665 4591
7290256 3399
7293655 460
7294115 995
7295110 6455
7301565 3019
7304584 3553
7295110 15750
7310860 685
4500959 2814726
7315685 2391
7310860 18455
7315685 16687
7332372 8767
7341139 3196
7341139 10045
7351184 1667
7352851 4338
7352851 12483
7365334 22853
7388187 853
7389040 27160
7416200 4122
7420322 9582
7429904 8829
7438733 5469
5969082 1487305
7456387 18723
7475110 461
7475571 2389
7477960 7208
7485168 8910
7494078 25688
7519766 720
7520486 17013
7537499 18513
7556012 19460
7575472 11588
7587060 4075
7591135 4632
7595767 14946
7610713 3076
6303394 1320644
7624038 13128
7637166 4338
7641504 1771
7429904 217872
7647776 8371
7656147 6852
7662999 17643
7680642 6901
7687543 16571
7704114 530
7704644 7780
7712424 25707
7738131 1252
7738131 10309
7748440 3472
7751912 10344
7762256 17103
5248685 2539492
7788177 16463
7804640 12905
7817545 565
7818110 16944
7318076 519200
7835054 5577
7840631 3384
4110534 3741289
7851823 38873
7890696 5323
7896019 1643
7897662 1198
7898860 45710
5630958 2319584
7950542 26964
7977506 6539
7984045 17910
8001955 3845
8005800 1520
8007320 80
8007400 21089
5548015 2500804
8048819 9705
8058524 4122
8062646 3313
8065959 11538
8077497 14301
8091798 8058
8099856 1923
8101779 2687
8104466 3432
8107898 7558
8115456 77
8115533 4702
8120235 10405
8130640 177
8130817 10043
8140860 2883
5345057 2811143
8156200 18119
8174319 4950
8179269 10312
8189581 11568
7019120 1189609
8208729 1984
8210713 1166
8211879 14710
7575472 659233
8234705 2379
4927551 3336617
8264168 13447
5742127 2539075
8179269 108978
8288247 14189
5032586 3274562
8302436 6930
8309366 15525
8324891 7242
8332133 715
8332848 2657
8335505 12437
8347942 10294
6687290 1679354
8366644 24242
8390886 4582
8395468 32699
8428167 19667
8447834 4460
8452294 6096
8458390 9631
8468021 17858
8485879 9866
8495745 7897
8503642 12818
8516460 34715
8551175 18111
8569286 1798
8571084 928
8572012 10851
8582863 1175
4715617 3883790
8599407 10613
8610020 8814
8618834 6801
8625635 3682
8629317 3345
8632662 2458
8635120 3809
8638929 20147
4651625 4022881
8674506 1573
8676079 6316
8682395 4558
8686953 13464
5494026 3212104
8706130 22783
8728913 4939
8733852 9692
8743544 14735
4651268 4118153
8769421 977
8770398 75
8769421 7402
8776823 13847
8790670 12059
8802729 4483
8807212 21345
8828557 1952
8830509 19210
8849719 7234
8856953 3006
8859959 7117
7817545 1062947
8569286 329474
8898760 9047
8682395 228322
8910717 44388
8955105 1337
8956442 19362
6285444 2715084
9000528 3594
6687290 2319809
9007099 3214
9010313 2591
6558682 2468751
9027433 14182
9041615 4792
9046407 7080
8856953 204806
9061759 18669
9080428 11035
9091463 20787
9112250 27520
9139770 9550
9149320 14156
9163476 10632
9174108 19318
7687543 1512523
9200066 8230
6017504 3201692
9219196 7898
9227094 773
9227867 23543
9251410 1976
9253386 8605
9261991 1086
9263077 32051
4775455 4529579
9305034 12487
9317521 3067
9320588 936
9321524 465
9321989 11745
6165997 3168821
9334818 4708
7200756 2147027
4981242 4377120
9358362 18648
9377010 16316
9393326 2185
4738142 4658830
9396972 73266
6824839 2651652
9476491 6852
9476491 11299
7456387 2048332
9504719 3149
9507868 7244
9515112 45159
5535012 4033675
9568687 4920
9573607 61
6479343 3102954
4815261 4775455
9590716 8071
9598787 6178
9604965 22763
9627728 1126
9628854 11689
9640543 3751
9644294 7199
6839580 2822632
8769421 897569
9666990 5175
9672165 28872
9701037 34718
9735755 36024
9771779 8105
9779884 14672
9794556 28174
9822730 17125
9839855 50239
9890094 5644
9895738 942
9896680 3349
9900029 657
8830509 1081233
9911742 4695
9916437 13241
9929678 50028
9979706 14169
